# ti [s] ui [V]
0.000000000000000000e+00 1.244836660094948533e+00
1.000000000000000021e-02 9.182007362489178481e-01
2.000000000000000042e-02 1.281639074616647722e+00
2.999999999999999889e-02 7.207621164855748663e-01
4.000000000000000083e-02 9.920883669757891710e-01
5.000000000000000278e-02 9.785628660188331329e-01
5.999999999999999778e-02 1.259192130018978784e+00
7.000000000000000666e-02 8.734616525920636532e-01
8.000000000000000167e-02 1.054971785593159295e+00
8.999999999999999667e-02 1.046640283625111190e+00
1.000000000000000056e-01 1.298706278460493468e+00
1.100000000000000006e-01 1.236040412761596041e+00
1.199999999999999956e-01 9.371300528486349313e-01
1.300000000000000044e-01 1.098028388684062273e+00
1.400000000000000133e-01 1.005498280757466834e+00
1.499999999999999944e-01 1.017700702349314534e+00
1.600000000000000033e-01 1.514307107944546260e+00
1.700000000000000122e-01 1.243034002029274276e+00
1.799999999999999933e-01 1.347820583712436848e+00
1.900000000000000022e-01 1.058329353056472355e+00
2.000000000000000111e-01 9.966544706269111487e-01
2.099999999999999922e-01 1.233668579320490011e+00
2.200000000000000011e-01 1.391982236378178417e+00
2.300000000000000100e-01 1.053996469329750330e+00
2.399999999999999911e-01 2.011067841667039779e+00
2.500000000000000000e-01 1.548848954793098809e+00
2.600000000000000089e-01 1.701586882319854332e+00
2.700000000000000178e-01 1.395411353481738947e+00
2.800000000000000266e-01 1.142091176699463695e+00
2.899999999999999800e-01 1.637314231702393652e+00
2.999999999999999889e-01 1.467544982069197701e+00
3.099999999999999978e-01 1.264677558794683243e+00
3.200000000000000067e-01 1.558559264148102308e+00
3.300000000000000155e-01 1.700141254503422683e+00
3.400000000000000244e-01 1.720708667892667521e+00
3.500000000000000333e-01 1.732932014843316715e+00
3.599999999999999867e-01 1.896511880624089486e+00
3.699999999999999956e-01 1.829469265408244283e+00
3.800000000000000044e-01 2.172497385571920514e+00
3.900000000000000133e-01 1.965348607176315099e+00
4.000000000000000222e-01 1.924022958543116113e+00
4.100000000000000311e-01 1.698634049789256473e+00
4.199999999999999845e-01 1.868600736588323707e+00
4.299999999999999933e-01 1.821975239873699248e+00
4.400000000000000022e-01 1.779576011498611443e+00
4.500000000000000111e-01 1.665789090257861815e+00
4.600000000000000200e-01 2.053700892564627623e+00
4.700000000000000289e-01 1.810843255801299456e+00
4.799999999999999822e-01 1.745818498956894338e+00
4.899999999999999911e-01 1.843385204204786465e+00
5.000000000000000000e-01 1.786813720027569774e+00
5.100000000000000089e-01 2.283350926474758236e+00
5.200000000000000178e-01 1.911423419937373192e+00
5.300000000000000266e-01 1.995724566395566946e+00
5.400000000000000355e-01 1.851093476669716242e+00
5.500000000000000444e-01 1.783329945545534700e+00
5.600000000000000533e-01 2.159954342121816140e+00
5.700000000000000622e-01 1.983475275341487487e+00
5.799999999999999600e-01 2.010759952696206998e+00
5.899999999999999689e-01 1.683807690012440794e+00
5.999999999999999778e-01 2.171539011361427463e+00
6.099999999999999867e-01 1.987481230997058201e+00
6.199999999999999956e-01 1.492760791781646112e+00
6.300000000000000044e-01 1.674146697346035717e+00
6.400000000000000133e-01 1.569721262890849234e+00
6.500000000000000222e-01 1.747217796790470734e+00
6.600000000000000311e-01 1.850861919689650970e+00
6.700000000000000400e-01 1.847784260059807782e+00
6.800000000000000488e-01 1.441683527053971181e+00
6.900000000000000577e-01 1.953922652535033055e+00
7.000000000000000666e-01 1.511671031231234474e+00
7.099999999999999645e-01 1.356091765621314726e+00
7.199999999999999734e-01 1.692502998717799967e+00
7.299999999999999822e-01 1.602719967503375864e+00
7.399999999999999911e-01 1.251094246474676819e+00
7.500000000000000000e-01 1.435554841566824669e+00
7.600000000000000089e-01 1.376230847122673628e+00
7.700000000000000178e-01 1.231062656508749020e+00
7.800000000000000266e-01 1.081247079098284436e+00
7.900000000000000355e-01 1.065172665285133213e+00
8.000000000000000444e-01 1.199600936211837166e+00
8.100000000000000533e-01 8.610083130082117897e-01
8.200000000000000622e-01 6.542321626813335511e-01
8.300000000000000711e-01 1.063459233848669694e+00
8.399999999999999689e-01 7.324162840786179185e-01
8.499999999999999778e-01 8.605892648979933668e-01
8.599999999999999867e-01 6.603191935360515075e-01
8.699999999999999956e-01 8.942277002520292450e-01
8.800000000000000044e-01 4.615521802233050197e-01
8.900000000000000133e-01 4.260325795137153149e-01
9.000000000000000222e-01 4.631201785232221813e-01
9.100000000000000311e-01 6.937946010133249075e-01
9.200000000000000400e-01 2.795903327203789757e-01
9.300000000000000488e-01 3.328932160315986044e-01
9.400000000000000577e-01 5.459108361900388839e-01
9.500000000000000666e-01 1.563610620601978418e-01
9.599999999999999645e-01 3.462583000889665058e-02
9.699999999999999734e-01 -3.003310459975040980e-01
9.799999999999999822e-01 -2.283946605002353247e-01
9.899999999999999911e-01 -4.660930273475442087e-01
1.000000000000000000e+00 -1.914737020342653084e-01
1.010000000000000009e+00 -1.128405784581780202e-01
1.020000000000000018e+00 -8.231184215140352478e-02
1.030000000000000027e+00 -7.553595233927787866e-01
1.040000000000000036e+00 -4.448339918917644242e-01
1.050000000000000044e+00 -5.614350924973892099e-01
1.060000000000000053e+00 -5.504961201941425131e-01
1.070000000000000062e+00 -4.910925890083797096e-01
1.080000000000000071e+00 -3.599211857088973621e-01
1.090000000000000080e+00 -9.639438847391141874e-01
1.100000000000000089e+00 -5.952660880607905103e-01
1.110000000000000098e+00 -6.232664965827762193e-01
1.120000000000000107e+00 -8.062425183801307238e-01
1.130000000000000115e+00 -7.419094946542867941e-01
1.140000000000000124e+00 -6.830185388003423563e-01
1.150000000000000133e+00 -7.535105786990277110e-01
1.159999999999999920e+00 -1.074616080675198759e+00
1.169999999999999929e+00 -7.273306970617745559e-01
1.179999999999999938e+00 -5.378002306476921124e-01
1.189999999999999947e+00 -8.360282673708894219e-01
1.199999999999999956e+00 -6.221857652827691432e-01
1.209999999999999964e+00 -8.821195579242038232e-01
1.219999999999999973e+00 -6.787902137385035672e-01
1.229999999999999982e+00 -3.735027657432288817e-01
1.239999999999999991e+00 -9.155001442277642676e-01
1.250000000000000000e+00 -7.841947972160352442e-01
1.260000000000000009e+00 -5.839589326576303252e-01
1.270000000000000018e+00 -1.086991553569974123e+00
1.280000000000000027e+00 -5.934675979082132402e-01
1.290000000000000036e+00 -6.813251377555439303e-01
1.300000000000000044e+00 -6.769362608374066559e-01
1.310000000000000053e+00 -2.146389051602576314e-01
1.320000000000000062e+00 -6.345832716657517913e-01
1.330000000000000071e+00 -4.892332015826443281e-01
1.340000000000000080e+00 -7.006188287162168349e-01
1.350000000000000089e+00 -2.148796277607058769e-01
1.360000000000000098e+00 -2.955532753515939803e-01
1.370000000000000107e+00 -4.841362226286174963e-01
1.380000000000000115e+00 -4.061258958949016673e-01
1.390000000000000124e+00 -3.768154662212150341e-01
1.400000000000000133e+00 -4.129281324700240785e-01
1.409999999999999920e+00 -7.858523944843487374e-03
1.419999999999999929e+00 -1.451913817633515014e-01
1.429999999999999938e+00 2.669890005279956791e-01
1.439999999999999947e+00 9.681693905088097074e-02
1.449999999999999956e+00 3.498912811032796055e-01
1.459999999999999964e+00 8.604133895710519564e-03
1.469999999999999973e+00 4.265135702292534026e-01
1.479999999999999982e+00 4.843635106166582771e-01
1.489999999999999991e+00 7.636884848101059831e-01
1.500000000000000000e+00 4.328505147603715075e-01
1.510000000000000009e+00 9.129610493833459905e-01
1.520000000000000018e+00 5.161123733458885532e-01
1.530000000000000027e+00 4.223110769619428662e-01
1.540000000000000036e+00 8.029923469480759746e-01
1.550000000000000044e+00 8.336934726720133249e-01
1.560000000000000053e+00 1.201318735777485047e+00
1.570000000000000062e+00 9.735971061943852201e-01
1.580000000000000071e+00 1.538328233132185696e+00
1.590000000000000080e+00 1.533787206132030789e+00
1.600000000000000089e+00 1.284863646236885426e+00
1.610000000000000098e+00 1.456721508516802821e+00
1.620000000000000107e+00 1.781834562003002720e+00
1.630000000000000115e+00 1.947367631591841342e+00
1.640000000000000124e+00 2.122657052246661902e+00
1.650000000000000133e+00 1.642884490487416027e+00
1.660000000000000142e+00 2.010466613121496771e+00
1.669999999999999929e+00 1.746450151206038637e+00
1.679999999999999938e+00 1.907207255094127696e+00
1.689999999999999947e+00 2.223844781470596388e+00
1.699999999999999956e+00 2.129560674163077483e+00
1.709999999999999964e+00 1.770940827507012649e+00
1.719999999999999973e+00 1.822449142637238007e+00
1.729999999999999982e+00 2.543121775635594606e+00
1.739999999999999991e+00 2.697918096191561421e+00
1.750000000000000000e+00 2.431234397003309233e+00
1.760000000000000009e+00 2.056228674549228419e+00
1.770000000000000018e+00 2.497791729715188591e+00
1.780000000000000027e+00 2.293891157224374311e+00
1.790000000000000036e+00 2.492694334584818261e+00
1.800000000000000044e+00 2.534634263047269798e+00
1.810000000000000053e+00 2.915136043669595889e+00
1.820000000000000062e+00 2.846343803600830835e+00
1.830000000000000071e+00 2.632266660649959622e+00
1.840000000000000080e+00 2.879153378576449374e+00
1.850000000000000089e+00 2.922389860827841357e+00
1.860000000000000098e+00 2.806559249266391110e+00
1.870000000000000107e+00 2.690666223051866979e+00
1.880000000000000115e+00 2.675200667284608258e+00
1.890000000000000124e+00 3.039539193475598200e+00
1.900000000000000133e+00 2.939230818499575904e+00
1.910000000000000142e+00 2.707121930994825121e+00
1.919999999999999929e+00 3.018330441226563909e+00
1.929999999999999938e+00 3.233509203868402793e+00
1.939999999999999947e+00 2.859816926661125080e+00
1.949999999999999956e+00 2.764406521715314646e+00
1.959999999999999964e+00 2.700155202083516670e+00
1.969999999999999973e+00 3.020953707856596449e+00
1.979999999999999982e+00 3.306415398983142850e+00
1.989999999999999991e+00 2.874823565621912991e+00
2.000000000000000000e+00 3.028557294118318310e+00
2.010000000000000231e+00 2.498445700390798940e+00
2.020000000000000018e+00 2.839496897860556146e+00
2.030000000000000249e+00 2.533607460096980457e+00
2.040000000000000036e+00 3.049353079155412427e+00
2.049999999999999822e+00 2.988392576641201170e+00
2.060000000000000053e+00 2.674671418832439418e+00
2.069999999999999840e+00 2.563137322862679923e+00
2.080000000000000071e+00 2.607318641708586959e+00
2.089999999999999858e+00 2.259624183558155419e+00
2.100000000000000089e+00 2.889049880491803890e+00
2.109999999999999876e+00 2.658940583370375865e+00
2.120000000000000107e+00 2.365098726046088284e+00
2.129999999999999893e+00 2.212609787722561450e+00
2.140000000000000124e+00 2.162779568388384810e+00
2.149999999999999911e+00 2.169896253919830986e+00
2.160000000000000142e+00 1.926525909878374243e+00
2.169999999999999929e+00 2.273701942404185328e+00
2.180000000000000160e+00 2.353605453665723601e+00
2.189999999999999947e+00 1.996688677856501837e+00
2.200000000000000178e+00 2.199232360248663198e+00
2.209999999999999964e+00 1.603622089692653185e+00
2.220000000000000195e+00 2.229739649469598906e+00
2.229999999999999982e+00 1.931994326697760833e+00
2.240000000000000213e+00 2.055041856745349449e+00
2.250000000000000000e+00 1.755081461537747245e+00
2.260000000000000231e+00 1.884139786692946572e+00
2.270000000000000018e+00 1.559744047314891358e+00
2.280000000000000249e+00 1.241152409144328006e+00
2.290000000000000036e+00 1.742339167954725987e+00
2.300000000000000266e+00 1.559878429218895413e+00
2.310000000000000053e+00 1.224159535573814184e+00
2.319999999999999840e+00 1.380153937304989142e+00
2.330000000000000071e+00 1.373692818103549262e+00
2.339999999999999858e+00 1.092332730647834760e+00
2.350000000000000089e+00 1.302005835459564942e+00
2.359999999999999876e+00 1.283811596104265540e+00
2.370000000000000107e+00 9.241555153222414942e-01
2.379999999999999893e+00 8.826182770706705316e-01
2.390000000000000124e+00 8.819533749769079556e-01
2.399999999999999911e+00 1.422028119976800342e+00
2.410000000000000142e+00 5.239216840743319281e-01
2.419999999999999929e+00 8.324051876690219398e-01
2.430000000000000160e+00 8.597111314200511778e-01
2.439999999999999947e+00 5.527375611286289292e-01
2.450000000000000178e+00 8.345050244759218971e-01
2.459999999999999964e+00 3.822170070385504381e-01
2.470000000000000195e+00 4.397967463417701839e-01
2.479999999999999982e+00 3.615002529548089205e-01
2.490000000000000213e+00 7.415069685478414829e-01
2.500000000000000000e+00 5.611283615350650678e-01
2.510000000000000231e+00 2.128415808515478347e-01
2.520000000000000018e+00 3.569491225911791132e-01
2.530000000000000249e+00 4.664702318433225914e-01
2.540000000000000036e+00 2.329196732224261546e-01
2.550000000000000266e+00 -1.219775097441156420e-01
2.560000000000000053e+00 -1.139637858249201163e-01
2.569999999999999840e+00 1.621887971573611753e-01
2.580000000000000071e+00 -6.938954409012704216e-02
2.589999999999999858e+00 2.784395411320729763e-01
2.600000000000000089e+00 2.418265800806312371e-01
2.609999999999999876e+00 2.717199800728474224e-01
2.620000000000000107e+00 2.223770027473763455e-01
2.629999999999999893e+00 4.093626980898026901e-01
2.640000000000000124e+00 7.183467202606994007e-02
2.649999999999999911e+00 -8.486850349964630835e-03
2.660000000000000142e+00 1.249256978120391604e-02
2.669999999999999929e+00 3.606437300852468608e-01
2.680000000000000160e+00 3.649871242824074269e-01
2.689999999999999947e+00 8.711165578399154841e-02
2.700000000000000178e+00 -3.775725267898072390e-03
2.709999999999999964e+00 1.749555583247515422e-01
2.720000000000000195e+00 5.125226012466982395e-01
2.729999999999999982e+00 6.444104414801549163e-02
2.740000000000000213e+00 3.446439957010198341e-01
2.750000000000000000e+00 -1.719100521267674653e-02
2.760000000000000231e+00 1.397794045993646650e-01
2.770000000000000018e+00 4.902105719204812306e-01
2.780000000000000249e+00 5.770410645045370712e-01
2.790000000000000036e+00 4.543654534529998346e-01
2.800000000000000266e+00 2.975875024231821042e-01
2.810000000000000053e+00 1.795181706923483778e-01
2.819999999999999840e+00 7.328215036787735226e-01
2.830000000000000071e+00 2.797336959641244514e-02
2.839999999999999858e+00 2.057188493279071828e-02
2.850000000000000089e+00 6.367206067803224956e-01
2.859999999999999876e+00 4.885821814199578506e-01
2.870000000000000107e+00 7.798868564872407649e-01
2.879999999999999893e+00 6.274311315352391061e-01
2.890000000000000124e+00 5.913324372428480080e-01
2.899999999999999911e+00 9.027788493981072637e-01
2.910000000000000142e+00 8.069718322039741709e-01
2.919999999999999929e+00 6.570496633181703849e-01
2.930000000000000160e+00 1.146069380277816352e+00
2.939999999999999947e+00 8.669681963029653993e-01
2.950000000000000178e+00 1.029127379590785818e+00
2.959999999999999964e+00 6.816338843424335492e-01
2.970000000000000195e+00 8.420267069971769658e-01
2.979999999999999982e+00 1.366551793554796612e+00
2.990000000000000213e+00 8.058761300693096929e-01
3.000000000000000000e+00 1.155201796219248456e+00
3.010000000000000231e+00 7.670332563701554029e-01
3.020000000000000018e+00 7.831714678264096730e-01
3.030000000000000249e+00 3.990650055829755294e-01
3.040000000000000036e+00 7.713944093624925946e-01
3.050000000000000266e+00 7.896098318750245371e-01
3.060000000000000053e+00 6.861261828586726619e-01
3.070000000000000284e+00 9.164603858951005932e-01
3.080000000000000071e+00 7.788113280352559897e-01
3.089999999999999858e+00 1.093947085084151283e+00
3.100000000000000089e+00 1.275313247526649096e+00
3.109999999999999876e+00 9.545316750914747406e-01
3.120000000000000107e+00 1.188651651713051649e+00
3.129999999999999893e+00 1.212697362756013142e+00
3.140000000000000124e+00 1.047684393211956388e+00
3.149999999999999911e+00 6.862859681752856433e-01
3.160000000000000142e+00 2.526249638101494277e-01
3.169999999999999929e+00 1.036540559098460657e+00
3.180000000000000160e+00 8.966962965102780458e-01
3.189999999999999947e+00 1.215952705358989583e+00
3.200000000000000178e+00 9.416288983628318121e-01
3.209999999999999964e+00 9.308466622114645039e-01
3.220000000000000195e+00 7.988829898117388861e-01
3.229999999999999982e+00 1.023398362580886234e+00
3.240000000000000213e+00 1.066071993097502002e+00
3.250000000000000000e+00 5.236207435114372810e-01
3.260000000000000231e+00 7.962327467521048696e-01
3.270000000000000018e+00 1.056275330528697376e+00
3.280000000000000249e+00 1.009268153342375074e+00
3.290000000000000036e+00 7.753191013389197916e-01
3.300000000000000266e+00 8.605687132186200516e-01
3.310000000000000053e+00 8.060611043713864499e-01
3.320000000000000284e+00 8.563802301241912884e-01
3.330000000000000071e+00 6.507932611488413954e-01
3.339999999999999858e+00 3.281123827452294139e-01
3.350000000000000089e+00 7.071074050536161337e-01
3.359999999999999876e+00 5.213497052801899789e-01
3.370000000000000107e+00 4.474286105369268407e-01
3.379999999999999893e+00 4.149829672602488584e-01
3.390000000000000124e+00 6.554594558194739573e-01
3.399999999999999911e+00 6.839426248152353782e-01
3.410000000000000142e+00 4.268844494043053661e-01
3.419999999999999929e+00 7.201987923686555826e-01
3.430000000000000160e+00 6.045692318308221180e-01
3.439999999999999947e+00 4.473965588916248848e-01
3.450000000000000178e+00 7.468145211841157316e-01
3.459999999999999964e+00 7.319684311665601850e-01
3.470000000000000195e+00 -5.887812677244963488e-02
3.479999999999999982e+00 2.499026643819377835e-01
3.490000000000000213e+00 2.638322116565561259e-01
3.500000000000000000e+00 1.882031483411126249e-01
3.510000000000000231e+00 3.671943828614568917e-01
3.520000000000000018e+00 4.270653705606526351e-01
3.530000000000000249e+00 1.355262652792068034e-01
3.540000000000000036e+00 1.985655827997514222e-01
3.550000000000000266e+00 2.066698488589989446e-01
3.560000000000000053e+00 2.121664214911299084e-01
3.570000000000000284e+00 1.284129176965890518e-01
3.580000000000000071e+00 4.913399195018597343e-03
3.589999999999999858e+00 2.108017799096657541e-01
3.600000000000000089e+00 2.090536097533011173e-01
3.609999999999999876e+00 9.288725266034855710e-02
3.620000000000000107e+00 -3.078025634133079724e-01
3.629999999999999893e+00 3.941409973442543402e-01
3.640000000000000124e+00 -2.868836756866260940e-02
3.649999999999999911e+00 -2.335412990998818050e-01
3.660000000000000142e+00 3.537121991012036060e-01
3.669999999999999929e+00 -7.267824586358084815e-02
3.680000000000000160e+00 -1.152926663592897250e-02
3.689999999999999947e+00 1.340992537286305186e-01
3.700000000000000178e+00 5.321324497942135634e-02
3.709999999999999964e+00 2.302140335198851195e-01
3.720000000000000195e+00 1.835432726785939106e-02
3.729999999999999982e+00 -3.542022377320348525e-01
3.740000000000000213e+00 1.919653583714635570e-01
3.750000000000000000e+00 1.522730768494289788e-01
3.760000000000000231e+00 2.334411970088408061e-01
3.770000000000000018e+00 -1.092652721042273178e-01
3.780000000000000249e+00 -6.335690492238138516e-02
3.790000000000000036e+00 4.482812227802049909e-01
3.800000000000000266e+00 1.779526708701146820e-01
3.810000000000000053e+00 2.695781586654245054e-01
3.820000000000000284e+00 5.610145204248182527e-01
3.830000000000000071e+00 6.808286321789519535e-01
3.839999999999999858e+00 4.262444063656764537e-01
3.850000000000000089e+00 6.145060031804974177e-01
3.859999999999999876e+00 3.453089351512698135e-01
3.870000000000000107e+00 8.338096927198179742e-01
3.879999999999999893e+00 4.804606966982508665e-01
3.890000000000000124e+00 5.091078583940742419e-01
3.899999999999999911e+00 7.898471431239618701e-01
3.910000000000000142e+00 8.074999290586211131e-01
3.919999999999999929e+00 7.949521539340439480e-01
3.930000000000000160e+00 1.003933275600406905e+00
3.939999999999999947e+00 1.064881611672882533e+00
3.950000000000000178e+00 1.064224576808775025e+00
3.959999999999999964e+00 8.207877505071456969e-01
3.970000000000000195e+00 1.161163817261863906e+00
3.979999999999999982e+00 1.078942676680103574e+00
3.990000000000000213e+00 9.348013724574032457e-01
4.000000000000000000e+00 1.214121336527306250e+00
4.009999999999999787e+00 1.468757309501333097e+00
4.020000000000000462e+00 1.217175839741210019e+00
4.030000000000000249e+00 1.532136011865515401e+00
4.040000000000000036e+00 1.364626683133835616e+00
4.049999999999999822e+00 1.878442956413065579e+00
4.060000000000000497e+00 1.545069349791501567e+00
4.070000000000000284e+00 1.701345552701699626e+00
4.080000000000000071e+00 1.642090037279280379e+00
4.089999999999999858e+00 2.006760787754521047e+00
4.099999999999999645e+00 2.064658143463022455e+00
4.110000000000000320e+00 2.206930563397850431e+00
4.120000000000000107e+00 1.385345161375979295e+00
4.129999999999999893e+00 2.442311551430833116e+00
4.139999999999999680e+00 2.108705427038080948e+00
4.150000000000000355e+00 2.120403553401531305e+00
4.160000000000000142e+00 2.266138790411012849e+00
4.169999999999999929e+00 2.281819825465733587e+00
4.179999999999999716e+00 2.353436726478797425e+00
4.190000000000000391e+00 2.787250197352121539e+00
4.200000000000000178e+00 2.360624542064937881e+00
4.209999999999999964e+00 2.558518223302626460e+00
4.219999999999999751e+00 2.571990098698717642e+00
4.230000000000000426e+00 2.590136199883364743e+00
4.240000000000000213e+00 2.180974120913916181e+00
4.250000000000000000e+00 2.781564680388661781e+00
4.259999999999999787e+00 2.817638413856636159e+00
4.270000000000000462e+00 3.038654777674505425e+00
4.280000000000000249e+00 2.290160587307080498e+00
4.290000000000000036e+00 2.650764920895690491e+00
4.299999999999999822e+00 2.938480066718855976e+00
4.310000000000000497e+00 3.005659652659751657e+00
4.320000000000000284e+00 2.330378915768696491e+00
4.330000000000000071e+00 3.106422212721837717e+00
4.339999999999999858e+00 2.880386995445995968e+00
4.350000000000000533e+00 2.970253439657746686e+00
4.360000000000000320e+00 2.766408553932977465e+00
4.370000000000000107e+00 2.816875574450348640e+00
4.379999999999999893e+00 2.413541200617787652e+00
4.389999999999999680e+00 2.808446738946460020e+00
4.400000000000000355e+00 2.791000687291697258e+00
4.410000000000000142e+00 2.949618883090931121e+00
4.419999999999999929e+00 2.549150807511904038e+00
4.429999999999999716e+00 2.839026842491829683e+00
4.440000000000000391e+00 2.244890267243055071e+00
4.450000000000000178e+00 2.529609385320618742e+00
4.459999999999999964e+00 2.566826553259874188e+00
4.469999999999999751e+00 2.410364058679793864e+00
4.480000000000000426e+00 2.361095985936104924e+00
4.490000000000000213e+00 2.675962482220165306e+00
4.500000000000000000e+00 2.328196947984953802e+00
4.509999999999999787e+00 2.400033239931292695e+00
4.520000000000000462e+00 2.433643127722751931e+00
4.530000000000000249e+00 2.225849459628416849e+00
4.540000000000000036e+00 2.300220902519869437e+00
4.549999999999999822e+00 1.997601740528638592e+00
4.560000000000000497e+00 2.231584473349032649e+00
4.570000000000000284e+00 1.828621642956115956e+00
4.580000000000000071e+00 1.966816320068203394e+00
4.589999999999999858e+00 1.627962766261279448e+00
4.600000000000000533e+00 1.722375797005867737e+00
4.610000000000000320e+00 1.522890947843364984e+00
4.620000000000000107e+00 1.596188822527266238e+00
4.629999999999999893e+00 1.712263108257489730e+00
4.639999999999999680e+00 1.789171235897218049e+00
4.650000000000000355e+00 1.283369076688698707e+00
4.660000000000000142e+00 1.560830661608086034e+00
4.669999999999999929e+00 1.177712370245015405e+00
4.679999999999999716e+00 1.014200489702646424e+00
4.690000000000000391e+00 9.530075076871844519e-01
4.700000000000000178e+00 1.378781382000411559e+00
4.709999999999999964e+00 9.641390132845344407e-01
4.719999999999999751e+00 9.506299690392987500e-01
4.730000000000000426e+00 4.709618692194160738e-01
4.740000000000000213e+00 1.038830184890489727e+00
4.750000000000000000e+00 9.421922679803307332e-01
4.759999999999999787e+00 2.337841431543259962e-01
4.770000000000000462e+00 1.590844086265112423e-01
4.780000000000000249e+00 5.819919913087251429e-01
4.790000000000000036e+00 5.423463386386475626e-01
4.799999999999999822e+00 4.052297335529104760e-01
4.810000000000000497e+00 -1.803363003635747308e-01
4.820000000000000284e+00 -2.306545338933616573e-01
4.830000000000000071e+00 -5.782056095102165033e-02
4.839999999999999858e+00 -2.994981307719701835e-01
4.850000000000000533e+00 -1.805645002889791628e-01
4.860000000000000320e+00 -1.948380884445701511e-01
4.870000000000000107e+00 -1.523245228621568081e-01
4.879999999999999893e+00 -6.426391680444416554e-01
4.889999999999999680e+00 -4.093832530591309249e-01
4.900000000000000355e+00 -4.256617433688198449e-01
4.910000000000000142e+00 -6.145171068125664382e-01
4.919999999999999929e+00 -9.885330422688154428e-01
4.929999999999999716e+00 -8.280379216027677902e-01
4.940000000000000391e+00 -7.609386751878882693e-01
4.950000000000000178e+00 -4.284947565525940583e-01
4.959999999999999964e+00 -6.858533308109878712e-01
4.969999999999999751e+00 -4.319553141858510359e-01
4.980000000000000426e+00 -5.698681027251584208e-01
4.990000000000000213e+00 -1.018348184309374460e+00
5.000000000000000000e+00 -8.745363035097413196e-01
5.009999999999999787e+00 -7.637401276306533537e-01
5.020000000000000462e+00 -1.134828701533429740e+00
5.030000000000000249e+00 -6.291369469851774143e-01
5.040000000000000036e+00 -1.070477904781977685e+00
5.049999999999999822e+00 -1.171631432998979871e+00
5.060000000000000497e+00 -9.496288756143694831e-01
5.070000000000000284e+00 -6.247755023125125540e-01
5.080000000000000071e+00 -8.012614513921360038e-01
5.089999999999999858e+00 -1.225684799283596638e+00
5.100000000000000533e+00 -1.378097533618554804e+00
5.110000000000000320e+00 -7.801843587970763716e-01
5.120000000000000107e+00 -1.140227881223032869e+00
5.129999999999999893e+00 -4.675101965222510647e-01
5.139999999999999680e+00 -1.007035310349920776e+00
5.150000000000000355e+00 -9.209205535384293873e-01
5.160000000000000142e+00 -6.245997345396495648e-01
5.169999999999999929e+00 -9.780620080364450519e-01
5.179999999999999716e+00 -8.645568262684500960e-01
5.190000000000000391e+00 -9.564318922785621790e-01
5.200000000000000178e+00 -7.361475055395607647e-01
5.209999999999999964e+00 -7.285820483362617228e-01
5.219999999999999751e+00 -6.783827638224128043e-01
5.230000000000000426e+00 -6.369670321717548767e-01
5.240000000000000213e+00 -4.933493370460804717e-01
5.250000000000000000e+00 -3.646797347604809891e-01
5.259999999999999787e+00 -3.479213018283426884e-01
5.270000000000000462e+00 -3.129394151429411020e-01
5.280000000000000249e+00 -5.609651482783689636e-01
5.290000000000000036e+00 -6.070291254411653847e-01
5.299999999999999822e+00 -4.498428570152693817e-01
5.310000000000000497e+00 -8.293293162116502359e-02
5.320000000000000284e+00 -2.324009138590872880e-01
5.330000000000000071e+00 -1.274771577832453096e-01
5.339999999999999858e+00 -2.697366622402737057e-01
5.350000000000000533e+00 4.095271652571582516e-02
5.360000000000000320e+00 1.540255448625871271e-02
5.370000000000000107e+00 3.667177169899952238e-01
5.379999999999999893e+00 3.892166394517312389e-01
5.389999999999999680e+00 1.875438092110334742e-01
5.400000000000000355e+00 5.036938088464490981e-01
5.410000000000000142e+00 2.579049728510074968e-01
5.419999999999999929e+00 3.638455824981593478e-01
5.429999999999999716e+00 5.862326879744121921e-01
5.440000000000000391e+00 6.860338126620375565e-01
5.450000000000000178e+00 6.311775438633719926e-01
5.459999999999999964e+00 7.326551752760313008e-01
5.469999999999999751e+00 7.465061302129500920e-01
5.480000000000000426e+00 5.820810291549955995e-01
5.490000000000000213e+00 7.966349920778126315e-01
5.500000000000000000e+00 6.740163072329810046e-01
5.509999999999999787e+00 1.119133769469404793e+00
5.520000000000000462e+00 1.074393859250041272e+00
5.530000000000000249e+00 7.604448200651618972e-01
5.540000000000000036e+00 1.421451029360781604e+00
5.549999999999999822e+00 1.435045528680042315e+00
5.560000000000000497e+00 1.234468201278937860e+00
5.570000000000000284e+00 1.194696328871468705e+00
5.580000000000000071e+00 1.583805912199662824e+00
5.589999999999999858e+00 1.291089434414833592e+00
5.600000000000000533e+00 1.408557804854696949e+00
5.610000000000000320e+00 1.441003342109920204e+00
5.620000000000000107e+00 1.565960549389216805e+00
5.629999999999999893e+00 1.569225797928592847e+00
5.639999999999999680e+00 1.582541995599945794e+00
5.650000000000000355e+00 1.824976519447898404e+00
5.660000000000000142e+00 1.579874365282792903e+00
5.669999999999999929e+00 1.507328578221349691e+00
5.679999999999999716e+00 1.608818067575511268e+00
5.690000000000000391e+00 1.641756343151138386e+00
5.700000000000000178e+00 1.886512608509087086e+00
5.709999999999999964e+00 1.550612394555848095e+00
5.719999999999999751e+00 1.586803029670507126e+00
5.730000000000000426e+00 1.981374613942483043e+00
5.740000000000000213e+00 1.710014503173188150e+00
5.750000000000000000e+00 1.956812938595678730e+00
5.759999999999999787e+00 1.826742937826500768e+00
5.770000000000000462e+00 1.999682341437648114e+00
5.780000000000000249e+00 1.628789898223015342e+00
5.790000000000000036e+00 1.961209934534689836e+00
5.799999999999999822e+00 2.060330161028649520e+00
5.810000000000000497e+00 1.922996101047530493e+00
5.820000000000000284e+00 1.803539758676227400e+00
5.830000000000000071e+00 1.737426527633905593e+00
5.839999999999999858e+00 1.515012134696254620e+00
5.850000000000000533e+00 1.677664952275524701e+00
5.860000000000000320e+00 1.664421836727473902e+00
5.870000000000000107e+00 1.793251586157026400e+00
5.879999999999999893e+00 1.728815105119408058e+00
5.889999999999999680e+00 1.469350575323700614e+00
5.900000000000000355e+00 1.973274466784725512e+00
5.910000000000000142e+00 1.915244274445365269e+00
5.919999999999999929e+00 1.595661571058847317e+00
5.929999999999999716e+00 1.533226617348824483e+00
5.940000000000000391e+00 1.609448776550227000e+00
5.950000000000000178e+00 1.438461324919636075e+00
5.959999999999999964e+00 1.503199055803432715e+00
5.969999999999999751e+00 1.724117981663430221e+00
5.980000000000000426e+00 1.422751751798177589e+00
5.990000000000000213e+00 1.445290305448273971e+00
6.000000000000000000e+00 1.511601237971232692e+00
6.009999999999999787e+00 1.345284866479435015e+00
6.020000000000000462e+00 1.524162058923831609e+00
6.030000000000000249e+00 1.629617798225549308e+00
6.040000000000000036e+00 1.278715607884847394e+00
6.049999999999999822e+00 1.309901674434329477e+00
6.060000000000000497e+00 1.175322548318315174e+00
6.070000000000000284e+00 1.177024789604889765e+00
6.080000000000000071e+00 1.376675585321275763e+00
6.089999999999999858e+00 1.219246103695546646e+00
6.100000000000000533e+00 1.195190819533480386e+00
6.110000000000000320e+00 1.072649840820858902e+00
6.120000000000000107e+00 8.918453261553225264e-01
6.129999999999999893e+00 1.042892087485742802e+00
6.140000000000000568e+00 1.069392313370711722e+00
6.150000000000000355e+00 1.081264897727516772e+00
6.160000000000000142e+00 1.453673145674483580e+00
6.169999999999999929e+00 1.181270445898955801e+00
6.179999999999999716e+00 8.589583777704626888e-01
6.190000000000000391e+00 9.229824855557223762e-01
6.200000000000000178e+00 1.173445131066956471e+00
6.209999999999999964e+00 1.255676948672243665e+00
6.219999999999999751e+00 9.878512406742964158e-01
6.230000000000000426e+00 8.935532511107755482e-01
6.240000000000000213e+00 1.032084535544218751e+00
6.250000000000000000e+00 1.210811151599933133e+00
6.259999999999999787e+00 9.396218786273042856e-01
6.270000000000000462e+00 9.018890573819091649e-01
6.280000000000000249e+00 8.024010925664779581e-01
6.290000000000000036e+00 1.124014719314332611e+00
6.299999999999999822e+00 1.059945380279962546e+00
6.310000000000000497e+00 1.054935926787892830e+00
6.320000000000000284e+00 8.627373776089567459e-01
6.330000000000000071e+00 1.051908807652285338e+00
6.339999999999999858e+00 1.030506115807369394e+00
6.350000000000000533e+00 9.054013149177517761e-01
6.360000000000000320e+00 1.069576931383149576e+00
6.370000000000000107e+00 1.072134059353352820e+00
6.379999999999999893e+00 1.190424171955167143e+00
6.390000000000000568e+00 1.432061385313376345e+00
6.400000000000000355e+00 1.240780671885383324e+00
6.410000000000000142e+00 1.142625176443160750e+00
6.419999999999999929e+00 1.196318191001842779e+00
6.429999999999999716e+00 1.145884182523086769e+00
6.440000000000000391e+00 1.481105146738319167e+00
6.450000000000000178e+00 8.030266948572970520e-01
6.459999999999999964e+00 1.265642362985945679e+00
6.469999999999999751e+00 1.400639313110450868e+00
6.480000000000000426e+00 1.356475044582496015e+00
6.490000000000000213e+00 1.414319468191390872e+00
6.500000000000000000e+00 1.420470445755662503e+00
6.509999999999999787e+00 9.885559488078812240e-01
6.520000000000000462e+00 1.224065569784295038e+00
6.530000000000000249e+00 1.172826023615388458e+00
6.540000000000000036e+00 1.478668709561425931e+00
6.549999999999999822e+00 1.020862247862660777e+00
6.560000000000000497e+00 1.827504773310524300e+00
6.570000000000000284e+00 1.307059948632175672e+00
6.580000000000000071e+00 1.714235157430109346e+00
6.589999999999999858e+00 1.623272665390543157e+00
6.600000000000000533e+00 1.657489523523145714e+00
6.610000000000000320e+00 1.871486939883841627e+00
6.620000000000000107e+00 1.397189937915928493e+00
6.629999999999999893e+00 1.861221646394028539e+00
6.640000000000000568e+00 1.486849652895468221e+00
6.650000000000000355e+00 1.464062914130001669e+00
6.660000000000000142e+00 1.944138155274468316e+00
6.669999999999999929e+00 1.694171333612704666e+00
6.679999999999999716e+00 1.965124671963582870e+00
6.690000000000000391e+00 2.132102104925436059e+00
6.700000000000000178e+00 1.808541898389800506e+00
6.709999999999999964e+00 2.036151770249526649e+00
6.719999999999999751e+00 1.587894015756126986e+00
6.730000000000000426e+00 2.152131135257475680e+00
6.740000000000000213e+00 1.797206998262300681e+00
6.750000000000000000e+00 1.768369866069319007e+00
6.759999999999999787e+00 1.973739957845251469e+00
6.770000000000000462e+00 1.851189637581589054e+00
6.780000000000000249e+00 2.111712836116357739e+00
6.790000000000000036e+00 1.812653408007010913e+00
6.799999999999999822e+00 2.359477606895425961e+00
6.810000000000000497e+00 2.429702336839469901e+00
6.820000000000000284e+00 2.002300069462485954e+00
6.830000000000000071e+00 1.740399975417239453e+00
6.839999999999999858e+00 2.052888427537776117e+00
6.850000000000000533e+00 1.874736245262753176e+00
6.860000000000000320e+00 2.020490298719581634e+00
6.870000000000000107e+00 1.650306176983135531e+00
6.879999999999999893e+00 1.730947133535269522e+00
6.890000000000000568e+00 1.973291905529526602e+00
6.900000000000000355e+00 1.702417798678022010e+00
6.910000000000000142e+00 1.658889360641295552e+00
6.919999999999999929e+00 1.659499314084747823e+00
6.929999999999999716e+00 1.801120176558144381e+00
6.940000000000000391e+00 1.627141489626183324e+00
6.950000000000000178e+00 1.530135846552311163e+00
6.959999999999999964e+00 1.917766335989994575e+00
6.969999999999999751e+00 1.540310163901085216e+00
6.980000000000000426e+00 1.113795825798697736e+00
6.990000000000000213e+00 1.181593773880635911e+00
7.000000000000000000e+00 1.770411079784499853e+00
7.009999999999999787e+00 1.189323887000740321e+00
7.020000000000000462e+00 1.446414446023766676e+00
7.030000000000000249e+00 1.133161425502029918e+00
7.040000000000000036e+00 1.341085437971073935e+00
7.049999999999999822e+00 1.463240211772765642e+00
7.060000000000000497e+00 1.245462819660081433e+00
7.070000000000000284e+00 9.879641669025592821e-01
7.080000000000000071e+00 1.007920350501820383e+00
7.089999999999999858e+00 1.168046331095958124e+00
7.100000000000000533e+00 9.298053597541540150e-01
7.110000000000000320e+00 8.968705087285064881e-01
7.120000000000000107e+00 7.615598135142059855e-01
7.129999999999999893e+00 1.047282882095101897e+00
7.140000000000000568e+00 5.685479237200300462e-01
7.150000000000000355e+00 2.865657936317719257e-01
7.160000000000000142e+00 3.528422221158580285e-01
7.169999999999999929e+00 2.644036953932600298e-01
7.179999999999999716e+00 1.014764299964164285e-01
7.190000000000000391e+00 1.174703026749260859e-01
7.200000000000000178e+00 4.365727647306205661e-01
7.209999999999999964e+00 2.623766378301206625e-01
7.219999999999999751e+00 -3.938047400496128003e-02
7.230000000000000426e+00 1.953365607159227579e-01
7.240000000000000213e+00 8.097978937467227578e-03
7.250000000000000000e+00 4.248003857905744418e-01
7.259999999999999787e+00 4.220838234391954824e-04
7.270000000000000462e+00 -1.055419875508722960e-01
7.280000000000000249e+00 -2.144395584185734560e-01
7.290000000000000036e+00 -8.180790816264785215e-02
7.299999999999999822e+00 -3.616391902221356980e-01
7.310000000000000497e+00 -5.268648996527985906e-01
7.320000000000000284e+00 -6.646183350496309705e-02
7.330000000000000071e+00 -2.950447665103492767e-01
7.339999999999999858e+00 -6.203295188330870680e-01
7.350000000000000533e+00 -5.139212690818812934e-01
7.360000000000000320e+00 -4.081025272409559701e-01
7.370000000000000107e+00 -3.529979709594059378e-01
7.379999999999999893e+00 -5.753810915290094030e-01
7.390000000000000568e+00 -8.345276901309477413e-01
7.400000000000000355e+00 -7.399981653467464504e-01
7.410000000000000142e+00 -6.434897661820864201e-01
7.419999999999999929e+00 -7.638580725389054749e-01
7.429999999999999716e+00 -5.034808001427713009e-01
7.440000000000000391e+00 -7.518873189603043627e-01
7.450000000000000178e+00 -7.530654150649245260e-01
7.459999999999999964e+00 -1.005492831100069706e+00
7.469999999999999751e+00 -6.892741001877683571e-01
7.480000000000000426e+00 -9.767409104412593246e-01
7.490000000000000213e+00 -8.493986155471121569e-01
7.500000000000000000e+00 -8.135176091513205421e-01
7.509999999999999787e+00 -4.863681078125015600e-01
7.520000000000000462e+00 -7.892860521257276663e-01
7.530000000000000249e+00 -1.000268381927362782e+00
7.540000000000000036e+00 -6.065156605716134353e-01
7.549999999999999822e+00 -4.847813032205545158e-01
7.560000000000000497e+00 -5.137126011625707811e-01
7.570000000000000284e+00 -5.644075736470849369e-01
7.580000000000000071e+00 -4.709336502011306491e-01
7.589999999999999858e+00 -4.539560819109721423e-01
7.600000000000000533e+00 -5.847871731814120455e-01
7.610000000000000320e+00 -4.180646808325753638e-01
7.620000000000000107e+00 -3.265606439755469048e-01
7.629999999999999893e+00 -5.390279342285929642e-01
7.640000000000000568e+00 -5.415027156938914121e-01
7.650000000000000355e+00 -3.870885862177562142e-01
7.660000000000000142e+00 -8.147265614123763711e-02
7.669999999999999929e+00 -2.150190027760219558e-01
7.679999999999999716e+00 1.129508817539220944e-02
7.690000000000000391e+00 -1.009243670625442069e-01
7.700000000000000178e+00 1.640691880832394478e-01
7.709999999999999964e+00 1.151178303293180494e-01
7.719999999999999751e+00 1.914876938652805560e-01
7.730000000000000426e+00 -2.770590694905583073e-01
7.740000000000000213e+00 1.760556122506448939e-01
7.750000000000000000e+00 3.639162247828490737e-01
7.759999999999999787e+00 6.432631722139507957e-01
7.770000000000000462e+00 6.165622793616232222e-01
7.780000000000000249e+00 9.048226087028586884e-01
7.790000000000000036e+00 4.493533335546982532e-01
7.799999999999999822e+00 9.683889434039634203e-01
7.810000000000000497e+00 8.827810347884192943e-01
7.820000000000000284e+00 7.653249806496894569e-01
7.830000000000000071e+00 7.275392054914250339e-01
7.839999999999999858e+00 7.808601713734381056e-01
7.850000000000000533e+00 6.375683265421122625e-01
7.860000000000000320e+00 1.449491883838667228e+00
7.870000000000000107e+00 1.233870357958290143e+00
7.879999999999999893e+00 1.485362456838113410e+00
7.890000000000000568e+00 1.438654757306449650e+00
7.900000000000000355e+00 1.524724113064480635e+00
7.910000000000000142e+00 1.600284261069428338e+00
7.919999999999999929e+00 1.653790818992383560e+00
7.930000000000000604e+00 2.183940596361360065e+00
7.940000000000000391e+00 1.711392063910396555e+00
7.950000000000000178e+00 1.576523413010130437e+00
7.959999999999999964e+00 2.118616925585906863e+00
7.969999999999999751e+00 2.252787571815145107e+00
7.980000000000000426e+00 1.669442718990056695e+00
7.990000000000000213e+00 2.459716931294849918e+00
8.000000000000000000e+00 2.431738527351838375e+00
8.009999999999999787e+00 2.172792305686025216e+00
8.019999999999999574e+00 2.168830417862834814e+00
8.029999999999999361e+00 2.061166317667581627e+00
8.040000000000000924e+00 2.738583117227091357e+00
8.050000000000000711e+00 2.425798524708514758e+00
8.060000000000000497e+00 2.549820090576623954e+00
8.070000000000000284e+00 2.117501605300305734e+00
8.080000000000000071e+00 2.857508118556174370e+00
8.089999999999999858e+00 2.651664522022239012e+00
8.099999999999999645e+00 2.439974476580068163e+00
8.109999999999999432e+00 2.528814103973326954e+00
8.120000000000000995e+00 2.750172812336245443e+00
8.130000000000000782e+00 3.138939625024113944e+00
8.140000000000000568e+00 2.631393649282832481e+00
8.150000000000000355e+00 3.227916133038448265e+00
8.160000000000000142e+00 2.960589190802231485e+00
8.169999999999999929e+00 3.027907252109187208e+00
8.179999999999999716e+00 3.060794772452965162e+00
8.189999999999999503e+00 3.220453043126137782e+00
8.199999999999999289e+00 2.877440611601893128e+00
8.210000000000000853e+00 2.435813277281554612e+00
8.220000000000000639e+00 3.113188503308319088e+00
8.230000000000000426e+00 2.439422924112496283e+00
8.240000000000000213e+00 3.137725118922802370e+00
8.250000000000000000e+00 2.741890452160196556e+00
8.259999999999999787e+00 2.858148545426562936e+00
8.269999999999999574e+00 2.658390095670543740e+00
8.279999999999999361e+00 2.629311881286256813e+00
8.290000000000000924e+00 2.712700220501417459e+00
8.300000000000000711e+00 2.935869489058505089e+00
8.310000000000000497e+00 3.140362484398398379e+00
8.320000000000000284e+00 2.855718974351980854e+00
8.330000000000000071e+00 2.841975678773601022e+00
8.339999999999999858e+00 3.041998041405459485e+00
8.349999999999999645e+00 2.989351214797869360e+00
8.359999999999999432e+00 2.457133313272245712e+00
8.370000000000000995e+00 2.284889022629166266e+00
8.380000000000000782e+00 2.652552470424813791e+00
8.390000000000000568e+00 2.402872250681050037e+00
8.400000000000000355e+00 2.527205134402411790e+00
8.410000000000000142e+00 2.321899780437995719e+00
8.419999999999999929e+00 2.338529211471851887e+00
8.429999999999999716e+00 2.581592654912086449e+00
8.439999999999999503e+00 2.301834917881464548e+00
8.449999999999999289e+00 2.110374046075540910e+00
8.460000000000000853e+00 2.228375919190532350e+00
8.470000000000000639e+00 2.177443076578789327e+00
8.480000000000000426e+00 1.974440092200298480e+00
8.490000000000000213e+00 2.028972372540057467e+00
8.500000000000000000e+00 1.912617554574345125e+00
8.509999999999999787e+00 2.053637246450388254e+00
8.519999999999999574e+00 1.982007777941927174e+00
8.529999999999999361e+00 1.841930287640636266e+00
8.540000000000000924e+00 2.023623444433590990e+00
8.550000000000000711e+00 1.816301461131998085e+00
8.560000000000000497e+00 1.400441658919347576e+00
8.570000000000000284e+00 1.407810968486518766e+00
8.580000000000000071e+00 1.079138685316780144e+00
8.589999999999999858e+00 1.493865137200794280e+00
8.599999999999999645e+00 8.890862560389005687e-01
8.609999999999999432e+00 1.171005879186384879e+00
8.620000000000000995e+00 7.999846933334744392e-01
8.630000000000000782e+00 6.593825141488240948e-01
8.640000000000000568e+00 9.117237912629936325e-01
8.650000000000000355e+00 8.525934491026118112e-01
8.660000000000000142e+00 8.271623057647344845e-01
8.669999999999999929e+00 1.303903482354538790e+00
8.679999999999999716e+00 1.182505536607394880e+00
8.689999999999999503e+00 9.432549382739913169e-01
8.700000000000001066e+00 6.364603863841045150e-01
8.710000000000000853e+00 5.463395685097484078e-01
8.720000000000000639e+00 6.874154151627387410e-01
8.730000000000000426e+00 6.706698639751376145e-01
8.740000000000000213e+00 4.683588948219606363e-01
8.750000000000000000e+00 4.597121057185814541e-01
8.759999999999999787e+00 2.890565247632806423e-01
8.769999999999999574e+00 2.584000252584223167e-01
8.779999999999999361e+00 3.388955642540019686e-01
8.790000000000000924e+00 1.872237237514157160e-02
8.800000000000000711e+00 5.984325819941040958e-01
8.810000000000000497e+00 2.592246803097329466e-01
8.820000000000000284e+00 1.108825200185913074e-01
8.830000000000000071e+00 4.690288494188064594e-01
8.839999999999999858e+00 -2.777801991562950379e-02
8.849999999999999645e+00 2.299901653075154540e-01
8.859999999999999432e+00 3.211573510597404701e-01
8.870000000000000995e+00 1.674174623337656431e-01
8.880000000000000782e+00 -2.595544095459441092e-01
8.890000000000000568e+00 -3.572849111083498119e-02
8.900000000000000355e+00 2.244823862544554349e-01
8.910000000000000142e+00 1.627321094081031483e-01
8.919999999999999929e+00 2.073931521419944413e-01
8.929999999999999716e+00 -4.507957460471634370e-02
8.939999999999999503e+00 4.572468661856377015e-02
8.950000000000001066e+00 1.947533511661005690e-01
8.960000000000000853e+00 -3.362157032307305782e-01
8.970000000000000639e+00 -5.742038397367674185e-02
8.980000000000000426e+00 2.485440503763367559e-01
8.990000000000000213e+00 3.315014379121986599e-01
9.000000000000000000e+00 4.108829845787049795e-01
9.009999999999999787e+00 1.068562592679141443e-01
9.019999999999999574e+00 8.789661630371978229e-02
9.029999999999999361e+00 2.073869193242312559e-01
9.040000000000000924e+00 3.362022122932045720e-01
9.050000000000000711e+00 3.670171742748531418e-01
9.060000000000000497e+00 2.573341074806556605e-01
9.070000000000000284e+00 3.840013017672182505e-01
9.080000000000000071e+00 2.412565826806509217e-01
9.089999999999999858e+00 3.197863073472029249e-01
9.099999999999999645e+00 4.290237463488210112e-01
9.109999999999999432e+00 6.564815330689316442e-01
9.120000000000000995e+00 7.069838660984797407e-01
9.130000000000000782e+00 4.540995049114522342e-01
9.140000000000000568e+00 2.435900315301635088e-01
9.150000000000000355e+00 5.222390491455299877e-01
9.160000000000000142e+00 4.611148226936216954e-01
9.169999999999999929e+00 5.324814293829983614e-01
9.179999999999999716e+00 7.469128487489851143e-01
9.189999999999999503e+00 8.177093013327078053e-01
9.200000000000001066e+00 6.239367674933558039e-01
9.210000000000000853e+00 4.107848020897609254e-01
9.220000000000000639e+00 9.546885940454740149e-01
9.230000000000000426e+00 7.127838024025884289e-01
9.240000000000000213e+00 5.881758083157828665e-01
9.250000000000000000e+00 6.116270961479250978e-01
9.259999999999999787e+00 6.959837892085560807e-01
9.269999999999999574e+00 9.467200221921856507e-01
9.279999999999999361e+00 1.205179642484591751e+00
9.290000000000000924e+00 6.391154687575605342e-01
9.300000000000000711e+00 9.056575053549869025e-01
9.310000000000000497e+00 1.279081324554112609e+00
9.320000000000000284e+00 8.937921255844717416e-01
9.330000000000000071e+00 1.039599916836784654e+00
9.339999999999999858e+00 1.117084222806233651e+00
9.349999999999999645e+00 1.099179293559044757e+00
9.359999999999999432e+00 5.619568179830116694e-01
9.370000000000000995e+00 1.054810273919954522e+00
9.380000000000000782e+00 1.184495877786151175e+00
9.390000000000000568e+00 6.767012016968696475e-01
9.400000000000000355e+00 1.167351966627283133e+00
9.410000000000000142e+00 9.471934832966925066e-01
9.419999999999999929e+00 1.374751863193803825e+00
9.429999999999999716e+00 1.281326851968342728e+00
9.439999999999999503e+00 8.430955542340869968e-01
9.450000000000001066e+00 1.175894656420183537e+00
9.460000000000000853e+00 6.733499140749623635e-01
9.470000000000000639e+00 1.032331521885226699e+00
9.480000000000000426e+00 1.052553959891486812e+00
9.490000000000000213e+00 1.112331459796884747e+00
9.500000000000000000e+00 9.902782303937943675e-01
9.509999999999999787e+00 7.799343705313488417e-01
9.519999999999999574e+00 1.067333785599633877e+00
9.529999999999999361e+00 8.352341851989026900e-01
9.540000000000000924e+00 1.165783895685427840e+00
9.550000000000000711e+00 7.519785445851624450e-01
9.560000000000000497e+00 7.845012036140158740e-01
9.570000000000000284e+00 1.078199082880665793e+00
9.580000000000000071e+00 7.551542372495242406e-01
9.589999999999999858e+00 7.029692714903993389e-01
9.599999999999999645e+00 9.500211715742121754e-01
9.609999999999999432e+00 4.313489559772258342e-01
9.620000000000000995e+00 7.676743605413320903e-01
9.630000000000000782e+00 8.151121284838743764e-01
9.640000000000000568e+00 5.361480589205011027e-01
9.650000000000000355e+00 8.165500489641722703e-01
9.660000000000000142e+00 7.059504216471352844e-01
9.669999999999999929e+00 6.242252375210060045e-01
9.679999999999999716e+00 7.543307816487951900e-01
9.689999999999999503e+00 5.212498372725831164e-01
9.700000000000001066e+00 6.022606701189142653e-01
9.710000000000000853e+00 5.338229650888901556e-01
9.720000000000000639e+00 3.571698608773175021e-01
9.730000000000000426e+00 4.575383152271365050e-01
9.740000000000000213e+00 -2.086283951115174284e-01
9.750000000000000000e+00 5.166162065812884840e-01
9.759999999999999787e+00 4.074420256964145226e-01
9.769999999999999574e+00 1.182854964264818953e-01
9.779999999999999361e+00 4.761865432733817238e-01
9.790000000000000924e+00 4.021351957130961385e-02
9.800000000000000711e+00 4.871526793083112428e-01
9.810000000000000497e+00 1.174268443381925320e-01
9.820000000000000284e+00 3.866766870289147229e-01
9.830000000000000071e+00 1.433327318257213989e-01
9.839999999999999858e+00 5.533780766319427169e-01
9.849999999999999645e+00 5.107376310167538458e-02
9.859999999999999432e+00 6.459638851227589296e-02
9.870000000000000995e+00 7.132235352714258458e-02
9.880000000000000782e+00 -1.079390608258099515e-01
9.890000000000000568e+00 3.089527632953283920e-01
9.900000000000000355e+00 9.412283675572120922e-02
9.910000000000000142e+00 -3.878694232916102269e-02
9.919999999999999929e+00 3.213975973381097417e-02
9.929999999999999716e+00 2.647032827669281718e-01
9.939999999999999503e+00 2.344698357863855831e-01
9.950000000000001066e+00 -1.977543240626977727e-02
9.960000000000000853e+00 3.183074020047027552e-01
9.970000000000000639e+00 2.018353010012665649e-01
9.980000000000000426e+00 3.897063601995703896e-01
9.990000000000000213e+00 -1.137480216331242244e-01
1.000000000000000000e+01 -1.418236368562123539e-01
1.000999999999999979e+01 2.454703043737346824e-01
1.001999999999999957e+01 2.429159081412388121e-01
1.002999999999999936e+01 9.082630567802990607e-02
1.004000000000000092e+01 3.171731950563003721e-01
1.005000000000000071e+01 3.383095734867684889e-01
1.006000000000000050e+01 4.799685509336528710e-01
1.007000000000000028e+01 3.046901809462458921e-01
1.008000000000000007e+01 2.502531810875471274e-01
1.008999999999999986e+01 3.104989966528682865e-01
1.009999999999999964e+01 3.436040420835706488e-01
1.010999999999999943e+01 5.248855792684453681e-01
1.012000000000000099e+01 6.954167996042124322e-01
1.013000000000000078e+01 6.252657492422538654e-01
1.014000000000000057e+01 5.295669610813624750e-01
1.015000000000000036e+01 5.420647544746854951e-01
1.016000000000000014e+01 5.800612411384448164e-01
1.016999999999999993e+01 6.730176364007929291e-01
1.017999999999999972e+01 8.377570657010933175e-01
1.018999999999999950e+01 1.229124786421348148e+00
1.020000000000000107e+01 9.671481076226354778e-01
1.021000000000000085e+01 8.574739238948836384e-01
1.022000000000000064e+01 1.134348700712156210e+00
1.023000000000000043e+01 1.057659399601153627e+00
1.024000000000000021e+01 1.407751870796413174e+00
1.025000000000000000e+01 1.036968286328564304e+00
1.025999999999999979e+01 1.136237152545888751e+00
1.026999999999999957e+01 1.384992093631715937e+00
1.027999999999999936e+01 9.645768370421671234e-01
1.029000000000000092e+01 1.313537314112870558e+00
1.030000000000000071e+01 1.555482921475326963e+00
1.031000000000000050e+01 1.340068658152838932e+00
1.032000000000000028e+01 1.478365249211873955e+00
1.033000000000000007e+01 1.862551634925889488e+00
1.033999999999999986e+01 1.672998891627869522e+00
1.034999999999999964e+01 1.720201949887406379e+00
1.035999999999999943e+01 2.098817703472725338e+00
1.037000000000000099e+01 1.632824281879250439e+00
1.038000000000000078e+01 1.798771252435541257e+00
1.039000000000000057e+01 1.967094734488072039e+00
1.040000000000000036e+01 2.181722620835290449e+00
1.041000000000000014e+01 2.275424779439722212e+00
1.041999999999999993e+01 2.218440128933629740e+00
1.042999999999999972e+01 2.356034625994057663e+00
1.043999999999999950e+01 2.258486557789805005e+00
1.045000000000000107e+01 2.057089654304387061e+00
1.046000000000000085e+01 2.487544553066487030e+00
1.047000000000000064e+01 2.664568774700410980e+00
1.048000000000000043e+01 2.311774620890705290e+00
1.049000000000000021e+01 2.573052558277105994e+00
1.050000000000000000e+01 2.295016860625075150e+00
1.050999999999999979e+01 2.495916744868069248e+00
1.051999999999999957e+01 2.616500537693493555e+00
1.052999999999999936e+01 2.519010849980793498e+00
1.054000000000000092e+01 2.598443032606764014e+00
1.055000000000000071e+01 2.645737945588374718e+00
1.056000000000000050e+01 2.702567879418985797e+00
1.057000000000000028e+01 2.946232101742757958e+00
1.058000000000000007e+01 2.665159696167670678e+00
1.058999999999999986e+01 2.492095367159083974e+00
1.059999999999999964e+01 2.874383328728271181e+00
1.060999999999999943e+01 2.658556613349478681e+00
1.062000000000000099e+01 2.729820979521939250e+00
1.063000000000000078e+01 2.861098273462707731e+00
1.064000000000000057e+01 2.651510633700278952e+00
1.065000000000000036e+01 2.415047303084555175e+00
1.066000000000000014e+01 2.662845978348423071e+00
1.066999999999999993e+01 2.806689670663905734e+00
1.067999999999999972e+01 2.849670450507758357e+00
1.068999999999999950e+01 2.743923010282556696e+00
1.070000000000000107e+01 2.648942876079357855e+00
1.071000000000000085e+01 2.450529824619473995e+00
1.072000000000000064e+01 2.463210926305799298e+00
1.073000000000000043e+01 2.384694342087497976e+00
1.074000000000000021e+01 2.439984578468587628e+00
1.075000000000000000e+01 2.604509346628540278e+00
1.075999999999999979e+01 2.034926267297086699e+00
1.076999999999999957e+01 2.463270556221476060e+00
1.077999999999999936e+01 2.557562822762315058e+00
1.079000000000000092e+01 2.286823372287531075e+00
1.080000000000000071e+01 2.466648199797958352e+00
1.081000000000000050e+01 2.235811539309133789e+00
1.082000000000000028e+01 2.087589542902149820e+00
1.083000000000000007e+01 1.635327248965617652e+00
1.083999999999999986e+01 2.211873683295816129e+00
1.084999999999999964e+01 2.162237843354478883e+00
1.085999999999999943e+01 2.171414271304018762e+00
1.087000000000000099e+01 2.033869788415691104e+00
1.088000000000000078e+01 1.760701266991750558e+00
1.089000000000000057e+01 1.933020515920544469e+00
1.090000000000000036e+01 1.362950929351778306e+00
1.091000000000000014e+01 1.712728250604355518e+00
1.091999999999999993e+01 1.660465845458134693e+00
1.092999999999999972e+01 1.560042561334017197e+00
1.093999999999999950e+01 1.645101675278145326e+00
1.095000000000000107e+01 1.104660383989267691e+00
1.096000000000000085e+01 1.258706225179655913e+00
1.097000000000000064e+01 1.024295077891732131e+00
1.098000000000000043e+01 1.222651233978914842e+00
1.099000000000000021e+01 1.329958008820894211e+00
1.100000000000000000e+01 6.755785278018576756e-01
1.100999999999999979e+01 7.524246593288389517e-01
1.101999999999999957e+01 6.489275656586173113e-01
1.102999999999999936e+01 5.571990080601472162e-01
1.104000000000000092e+01 9.184738274970235539e-01
1.105000000000000071e+01 5.335054013443608634e-01
1.106000000000000050e+01 6.383226610262324741e-01
1.107000000000000028e+01 3.523384280353536457e-01
1.108000000000000007e+01 1.906248649438412879e-01
1.108999999999999986e+01 8.602121167230608600e-03
1.109999999999999964e+01 6.976286835382090601e-01
1.110999999999999943e+01 1.055217909354406319e-01
1.112000000000000099e+01 -9.091021084451803014e-02
1.113000000000000078e+01 -5.863420049393459205e-02
1.114000000000000057e+01 -4.413651602372594684e-01
1.115000000000000036e+01 -2.477292167952830915e-01
1.116000000000000014e+01 4.191410113383823854e-01
1.116999999999999993e+01 -7.010604010512272444e-02
1.117999999999999972e+01 -6.463784970143364728e-01
1.118999999999999950e+01 -8.130521863771984492e-01
1.120000000000000107e+01 -3.964008256884307135e-01
1.121000000000000085e+01 -4.586270452163824229e-01
1.122000000000000064e+01 -4.543375910713721155e-01
1.123000000000000043e+01 -6.698328187763201713e-01
1.124000000000000021e+01 -5.832102089439955561e-01
1.125000000000000000e+01 -3.685432990313413093e-01
1.125999999999999979e+01 -6.347301717523713416e-01
1.126999999999999957e+01 -6.553916906573932222e-01
1.127999999999999936e+01 -4.624062830314251693e-01
1.129000000000000092e+01 -9.163119267801257406e-01
1.130000000000000071e+01 -7.549374728614095531e-01
1.131000000000000050e+01 -1.219840775286788137e+00
1.132000000000000028e+01 -6.610339271043670362e-01
1.133000000000000007e+01 -8.088356681294723849e-01
1.133999999999999986e+01 -7.378778219354135137e-01
1.134999999999999964e+01 -1.090757431306153880e+00
1.135999999999999943e+01 -7.138741217204935818e-01
1.137000000000000099e+01 -8.759255436620425606e-01
1.138000000000000078e+01 -9.672848667123838950e-01
1.139000000000000057e+01 -9.595933284321827017e-01
1.140000000000000036e+01 -8.534116904049151575e-01
1.141000000000000014e+01 -9.225689764646375357e-01
1.141999999999999993e+01 -1.307186154602620887e+00
1.142999999999999972e+01 -7.711495922538056380e-01
1.143999999999999950e+01 -9.125814345310323539e-01
1.145000000000000107e+01 -1.374171130672509733e+00
1.146000000000000085e+01 -9.699285383755487100e-01
1.147000000000000064e+01 -9.671525541973023943e-01
1.148000000000000043e+01 -1.048396555369061067e+00
1.149000000000000021e+01 -5.977081672428683490e-01
1.150000000000000000e+01 -8.396819391910175234e-01
1.150999999999999979e+01 -5.388507570412383041e-01
1.151999999999999957e+01 -6.399513721812949418e-01
1.152999999999999936e+01 -4.501764147413761519e-01
1.154000000000000092e+01 -5.543785799700129413e-01
1.155000000000000071e+01 -7.076863210201950194e-01
1.156000000000000050e+01 -5.810168059119402706e-01
1.157000000000000028e+01 -9.099473211902162073e-02
1.158000000000000007e+01 -1.193662736770660648e-01
1.158999999999999986e+01 -5.018878716934572770e-01
1.159999999999999964e+01 -2.285615525333765663e-01
1.160999999999999943e+01 -1.132290097570851084e-02
1.162000000000000099e+01 -2.064180142367262605e-01
1.163000000000000078e+01 5.483191980804370536e-01
1.164000000000000057e+01 6.095408264775100532e-02
1.165000000000000036e+01 6.399653264544462317e-02
1.166000000000000014e+01 -4.046789066714656657e-01
1.166999999999999993e+01 -1.167512798515923933e-02
1.167999999999999972e+01 -3.569890533332463201e-01
1.168999999999999950e+01 6.248486449959537170e-01
1.170000000000000107e+01 5.537435315150560644e-01
1.171000000000000085e+01 1.254211485261594872e-01
1.172000000000000064e+01 7.017954067329569279e-01
1.173000000000000043e+01 7.058617002928684325e-01
1.174000000000000021e+01 4.030483030806530920e-01
1.175000000000000000e+01 8.038896228072531791e-01
1.175999999999999979e+01 6.081178150581397768e-01
1.176999999999999957e+01 9.976819577988668142e-01
1.177999999999999936e+01 9.964304386197029295e-01
1.179000000000000092e+01 7.436681497772339444e-01
1.180000000000000071e+01 1.211790216780765927e+00
1.181000000000000050e+01 1.046810708480771401e+00
1.182000000000000028e+01 1.287858974704691795e+00
1.183000000000000007e+01 1.040174836986979878e+00
1.183999999999999986e+01 1.498748418793993009e+00
1.184999999999999964e+01 9.982667564837921503e-01
1.185999999999999943e+01 1.327878700541410995e+00
1.187000000000000099e+01 1.358149710865221405e+00
1.188000000000000078e+01 1.284924038369584132e+00
1.189000000000000057e+01 1.158682960925424998e+00
1.190000000000000036e+01 1.418563754943820587e+00
1.191000000000000014e+01 1.688365957763411807e+00
1.191999999999999993e+01 1.857445630262200442e+00
1.192999999999999972e+01 1.551843569005831869e+00
1.193999999999999950e+01 1.558784899335375673e+00
1.195000000000000107e+01 1.751458428453646077e+00
1.196000000000000085e+01 1.727998643843361659e+00
1.197000000000000064e+01 2.129681435727338812e+00
1.198000000000000043e+01 1.515703109597139608e+00
1.199000000000000021e+01 2.038057952486155955e+00
1.200000000000000000e+01 1.838914480501247395e+00
1.200999999999999979e+01 1.682621712726447782e+00
1.201999999999999957e+01 1.632497524335679850e+00
1.203000000000000114e+01 1.860616924567186636e+00
1.204000000000000092e+01 2.146946899824126120e+00
1.205000000000000071e+01 1.944138614980995161e+00
1.206000000000000050e+01 1.851958199531469340e+00
1.207000000000000028e+01 1.955739326129526168e+00
1.208000000000000007e+01 2.122446119515649876e+00
1.208999999999999986e+01 1.418363622189054540e+00
1.209999999999999964e+01 1.648705376909521680e+00
1.210999999999999943e+01 1.662167206862841251e+00
1.212000000000000099e+01 1.721080895161149371e+00
1.213000000000000078e+01 1.497206723086471403e+00
1.214000000000000057e+01 2.063980604356896009e+00
1.215000000000000036e+01 1.680313860116116942e+00
1.216000000000000014e+01 1.976886547254403492e+00
1.216999999999999993e+01 1.354442288337637468e+00
1.217999999999999972e+01 1.642233537973838864e+00
1.218999999999999950e+01 1.819910668718972335e+00
1.220000000000000107e+01 1.843420771429740812e+00
1.221000000000000085e+01 1.618060645063528868e+00
1.222000000000000064e+01 1.464942976342588965e+00
1.223000000000000043e+01 1.441425755351059212e+00
1.224000000000000021e+01 1.275111424319511411e+00
1.225000000000000000e+01 1.684757787412037855e+00
1.225999999999999979e+01 1.659979167873888439e+00
1.226999999999999957e+01 1.142043841769418755e+00
1.228000000000000114e+01 1.357392245031211697e+00
1.229000000000000092e+01 1.624166544683903313e+00
1.230000000000000071e+01 1.374942995040459248e+00
1.231000000000000050e+01 1.394701459011117306e+00
1.232000000000000028e+01 1.490863243403714566e+00
1.233000000000000007e+01 1.170084836566914088e+00
1.233999999999999986e+01 1.611779902563591715e+00
1.234999999999999964e+01 1.325977709556229733e+00
1.235999999999999943e+01 1.036093071783035890e+00
1.237000000000000099e+01 1.123374409059460621e+00
1.238000000000000078e+01 1.445290749014285225e+00
1.239000000000000057e+01 1.535102691920002371e+00
1.240000000000000036e+01 1.344210253394660937e+00
1.241000000000000014e+01 9.331491833962045623e-01
1.241999999999999993e+01 1.270793865041817794e+00
1.242999999999999972e+01 1.001593968835129189e+00
1.243999999999999950e+01 1.067470276944412655e+00
1.245000000000000107e+01 7.095240086750578268e-01
1.246000000000000085e+01 9.698746937299949078e-01
1.247000000000000064e+01 1.170911716594518870e+00
1.248000000000000043e+01 1.008422594101800573e+00
1.249000000000000021e+01 1.270242730837606970e+00
1.250000000000000000e+01 1.182060664649632775e+00
1.250999999999999979e+01 1.138610580659128679e+00
1.251999999999999957e+01 1.279790628932171659e+00
1.253000000000000114e+01 9.363335359553276449e-01
1.254000000000000092e+01 8.937986775310582388e-01
1.255000000000000071e+01 7.041472695013826222e-01
1.256000000000000050e+01 9.806568566645235130e-01
1.257000000000000028e+01 8.615748852588298590e-01
1.258000000000000007e+01 1.101269165546359341e+00
1.258999999999999986e+01 9.722884121676429459e-01
1.259999999999999964e+01 9.414113514291055917e-01
1.260999999999999943e+01 9.455416526910795927e-01
1.262000000000000099e+01 1.083359919966697449e+00
1.263000000000000078e+01 8.840887027007289234e-01
1.264000000000000057e+01 1.198409200298408139e+00
1.265000000000000036e+01 1.057397515751758332e+00
1.266000000000000014e+01 1.187738138957816547e+00
1.266999999999999993e+01 1.070116041970802900e+00
1.267999999999999972e+01 1.276321172416800209e+00
1.268999999999999950e+01 9.285352079830609950e-01
1.270000000000000107e+01 1.168717511709421730e+00
1.271000000000000085e+01 1.174103763936055644e+00
1.272000000000000064e+01 1.250160681814162400e+00
1.273000000000000043e+01 1.497964290576312196e+00
1.274000000000000021e+01 9.002721175955765709e-01
1.275000000000000000e+01 1.200861052283731301e+00
1.275999999999999979e+01 1.360443850576218860e+00
1.276999999999999957e+01 1.377413690054312356e+00
1.278000000000000114e+01 1.474755764582964979e+00
1.279000000000000092e+01 1.331655012208583955e+00
1.280000000000000071e+01 1.057278433924883521e+00
1.281000000000000050e+01 1.396494348872270974e+00
1.282000000000000028e+01 1.881907981105554351e+00
1.283000000000000007e+01 1.547973385424835424e+00
1.283999999999999986e+01 1.819237198564833236e+00
1.284999999999999964e+01 1.800590766934938580e+00
1.285999999999999943e+01 1.714478337636843763e+00
1.287000000000000099e+01 1.326299185906760991e+00
1.288000000000000078e+01 1.720537818897370563e+00
1.289000000000000057e+01 1.620541262836114660e+00
1.290000000000000036e+01 1.822411295682007992e+00
1.291000000000000014e+01 1.480425063975691735e+00
1.291999999999999993e+01 1.661457176438487560e+00
1.292999999999999972e+01 1.705360363828129833e+00
1.293999999999999950e+01 1.794838998273152519e+00
1.295000000000000107e+01 1.568032538126185704e+00
1.296000000000000085e+01 1.703593641683376347e+00
1.297000000000000064e+01 2.067797185970444929e+00
1.298000000000000043e+01 1.653178005191993316e+00
1.299000000000000021e+01 1.802727598653444119e+00
1.300000000000000000e+01 2.139333803003245382e+00
1.300999999999999979e+01 1.999557373381341652e+00
1.301999999999999957e+01 2.082800239426875866e+00
1.303000000000000114e+01 2.140848140011584633e+00
1.304000000000000092e+01 1.810399255517720629e+00
1.305000000000000071e+01 2.044893021194939653e+00
1.306000000000000050e+01 1.907918471531851567e+00
1.307000000000000028e+01 1.960497496362324510e+00
1.308000000000000007e+01 1.795230409206789002e+00
1.308999999999999986e+01 1.982039277650557096e+00
1.309999999999999964e+01 2.021359931590764880e+00
1.310999999999999943e+01 2.138272070271872050e+00
1.312000000000000099e+01 1.834848589433294652e+00
1.313000000000000078e+01 1.284379652861776799e+00
1.314000000000000057e+01 1.723395581751953287e+00
1.315000000000000036e+01 2.048450514508194598e+00
1.316000000000000014e+01 1.953956953292365517e+00
1.316999999999999993e+01 1.870647541596754504e+00
1.317999999999999972e+01 1.796309465912121484e+00
1.318999999999999950e+01 1.515875890731576581e+00
1.320000000000000107e+01 1.600837304104343106e+00
1.321000000000000085e+01 1.831194370261590043e+00
1.322000000000000064e+01 1.496307068924698225e+00
1.323000000000000043e+01 1.641878309693246329e+00
1.324000000000000021e+01 1.693043877378060724e+00
1.325000000000000000e+01 1.358560688739117506e+00
1.325999999999999979e+01 1.251990490594091732e+00
1.326999999999999957e+01 1.478151520702429389e+00
1.328000000000000114e+01 1.689592371854497399e+00
1.329000000000000092e+01 1.358102695964531037e+00
1.330000000000000071e+01 1.103879307192862980e+00
1.331000000000000050e+01 1.162534261346054976e+00
1.332000000000000028e+01 1.462830492372447777e+00
1.333000000000000007e+01 1.220527230075418412e+00
1.333999999999999986e+01 1.061215387406428290e+00
1.334999999999999964e+01 9.858245718558411586e-01
1.335999999999999943e+01 1.433441430060702348e+00
1.337000000000000099e+01 8.404850666540305548e-01
1.338000000000000078e+01 1.054778058628629278e+00
1.339000000000000057e+01 5.599634740582914993e-01
1.340000000000000036e+01 7.239641722029312998e-01
1.341000000000000014e+01 7.842170600831804839e-01
1.341999999999999993e+01 7.012618373706630548e-01
1.342999999999999972e+01 6.661420271594101772e-01
1.343999999999999950e+01 4.253500374512284576e-01
1.345000000000000107e+01 6.782098357628523200e-01
1.346000000000000085e+01 1.555952076427372655e-01
1.347000000000000064e+01 5.285380287782437403e-01
1.348000000000000043e+01 5.363161226968458095e-01
1.349000000000000021e+01 9.439774617800225642e-02
1.350000000000000000e+01 -9.801991219304498348e-02
1.350999999999999979e+01 -1.732114416883957231e-01
1.351999999999999957e+01 -8.870420701492220950e-02
1.353000000000000114e+01 2.133421363039112451e-01
1.354000000000000092e+01 -1.266371234685768205e-02
1.355000000000000071e+01 -3.635175042672682544e-01
1.356000000000000050e+01 -1.777288953355982970e-01
1.357000000000000028e+01 -1.618358641026916844e-01
1.358000000000000007e+01 -1.952591012549820260e-02
1.358999999999999986e+01 -2.434192998522429763e-01
1.359999999999999964e+01 -2.619841840410621625e-01
1.360999999999999943e+01 -9.612807328848356203e-01
1.362000000000000099e+01 -4.810592266953588880e-01
1.363000000000000078e+01 -5.946560710139205952e-01
1.364000000000000057e+01 -6.011989841713192284e-01
1.365000000000000036e+01 -3.808139859972182184e-01
1.366000000000000014e+01 -8.685567107871263737e-01
1.366999999999999993e+01 -5.775643818094507997e-01
1.367999999999999972e+01 -6.403117648145324470e-01
1.368999999999999950e+01 -5.358130565658137945e-01
1.370000000000000107e+01 -6.080045512216054604e-01
1.371000000000000085e+01 -4.236021549922648899e-01
1.372000000000000064e+01 -9.424348265506591327e-01
1.373000000000000043e+01 -8.999615217804217693e-01
1.374000000000000021e+01 -9.741827093450550201e-01
1.375000000000000000e+01 -5.152215477602475335e-01
1.375999999999999979e+01 -8.515469541286201371e-01
1.376999999999999957e+01 -5.142695235375838170e-01
1.378000000000000114e+01 -6.277971372299876451e-01
1.379000000000000092e+01 -9.563426942284947163e-01
1.380000000000000071e+01 -5.864328474651876455e-01
1.381000000000000050e+01 -3.971577286037019650e-01
1.382000000000000028e+01 -5.509301795841649030e-01
1.383000000000000007e+01 -7.944416736468983276e-01
1.383999999999999986e+01 -8.231068468169469021e-01
1.384999999999999964e+01 -5.556556926453108947e-01
1.385999999999999943e+01 -4.208896260259178401e-01
1.387000000000000099e+01 -5.255907199640326155e-01
1.388000000000000078e+01 -9.446325861162733206e-01
1.389000000000000057e+01 -4.947977280337641504e-01
1.390000000000000036e+01 -5.224512284478421975e-01
1.391000000000000014e+01 -2.415162657339044450e-01
1.391999999999999993e+01 -5.594763936932347637e-01
1.392999999999999972e+01 -6.429304191414544345e-01
1.393999999999999950e+01 -8.275589497057638244e-01
1.395000000000000107e+01 -3.875288168937429667e-01
1.396000000000000085e+01 -2.159907885735143362e-01
1.397000000000000064e+01 -4.489829016363198755e-01
1.398000000000000043e+01 -2.293935369561369286e-01
1.399000000000000021e+01 3.755994377458064526e-01
1.400000000000000000e+01 2.732521174523326324e-01
1.400999999999999979e+01 -3.166183185833465474e-02
1.401999999999999957e+01 1.095198409326722244e-01
1.403000000000000114e+01 3.914447805506908740e-01
1.404000000000000092e+01 5.071413368052433146e-01
1.405000000000000071e+01 4.733148489712271090e-01
1.406000000000000050e+01 5.317660575824797453e-01
1.407000000000000028e+01 3.787181992981507039e-01
1.408000000000000007e+01 3.492317497029246431e-01
1.408999999999999986e+01 7.898596364583022611e-01
1.409999999999999964e+01 6.871251309887962400e-01
1.410999999999999943e+01 1.055588168757170431e+00
1.412000000000000099e+01 1.270928822880016629e+00
1.413000000000000078e+01 1.271102291776756488e+00
1.414000000000000057e+01 1.107085890314616572e+00
1.415000000000000036e+01 1.206312087690690094e+00
1.416000000000000014e+01 1.523644960477674948e+00
1.416999999999999993e+01 1.776955262319287465e+00
1.417999999999999972e+01 1.504788839116667720e+00
1.418999999999999950e+01 1.700834411598564522e+00
1.420000000000000107e+01 1.693848184449369132e+00
1.421000000000000085e+01 1.831260535543051793e+00
1.422000000000000064e+01 1.820520747081940893e+00
1.423000000000000043e+01 1.882154511876124703e+00
1.424000000000000021e+01 1.694556712232419660e+00
1.425000000000000000e+01 2.231446430688166949e+00
1.425999999999999979e+01 1.989309880332247982e+00
1.426999999999999957e+01 1.799837857134642061e+00
1.428000000000000114e+01 2.584789152136187873e+00
1.429000000000000092e+01 2.015998807172797669e+00
1.430000000000000071e+01 2.422355811780362078e+00
1.431000000000000050e+01 2.623826720729784068e+00
1.432000000000000028e+01 2.583721559664947875e+00
1.433000000000000007e+01 2.039227990368399190e+00
1.433999999999999986e+01 2.340655698057906520e+00
1.434999999999999964e+01 2.235222028396877114e+00
1.435999999999999943e+01 2.632855372412826522e+00
1.437000000000000099e+01 2.699213680685183192e+00
1.438000000000000078e+01 2.364729288789435113e+00
1.439000000000000057e+01 2.821782794748759926e+00
1.440000000000000036e+01 2.788112791489175901e+00
1.441000000000000014e+01 2.746494201818689973e+00
1.441999999999999993e+01 2.877339096042728528e+00
1.442999999999999972e+01 2.802974712551472347e+00
1.443999999999999950e+01 2.656274596084809314e+00
1.445000000000000107e+01 2.669076715898968111e+00
1.446000000000000085e+01 3.149303457832182129e+00
1.447000000000000064e+01 2.830586760140878066e+00
1.448000000000000043e+01 2.902177817666192983e+00
1.449000000000000021e+01 3.129499159609044234e+00
1.450000000000000000e+01 2.962474345925512509e+00
1.450999999999999979e+01 2.820384190766148436e+00
1.451999999999999957e+01 2.859589693549421163e+00
1.453000000000000114e+01 2.877092049782710603e+00
1.454000000000000092e+01 2.660929333013083653e+00
1.455000000000000071e+01 2.784531148634764808e+00
1.456000000000000050e+01 2.914530175343426510e+00
1.457000000000000028e+01 2.744433442331881245e+00
1.458000000000000007e+01 3.174885357302180910e+00
1.458999999999999986e+01 2.832795342772455260e+00
1.459999999999999964e+01 2.669274603268179114e+00
1.460999999999999943e+01 2.916022886100071432e+00
1.462000000000000099e+01 2.801152756071354499e+00
1.463000000000000078e+01 2.664085361094613802e+00
1.464000000000000057e+01 2.532823020228829769e+00
1.465000000000000036e+01 2.799810759541423000e+00
1.466000000000000014e+01 2.650410622356348611e+00
1.466999999999999993e+01 2.454540552714936208e+00
1.467999999999999972e+01 2.120057596743432526e+00
1.468999999999999950e+01 2.461255786329095585e+00
1.470000000000000107e+01 2.648175743612556587e+00
1.471000000000000085e+01 2.523094035729492646e+00
1.472000000000000064e+01 2.090449334083129163e+00
1.473000000000000043e+01 2.076442002464522929e+00
1.474000000000000021e+01 2.271232957821340825e+00
1.475000000000000000e+01 2.272792037379671282e+00
1.475999999999999979e+01 2.204897288603799410e+00
1.476999999999999957e+01 1.890016059986204144e+00
1.478000000000000114e+01 1.890837099397062682e+00
1.479000000000000092e+01 1.778179653996886156e+00
1.480000000000000071e+01 1.747242517979186616e+00
1.481000000000000050e+01 1.795412045782341925e+00
1.482000000000000028e+01 1.422977538558418020e+00
1.483000000000000007e+01 1.727630667767225070e+00
1.483999999999999986e+01 1.290898681014373661e+00
1.484999999999999964e+01 1.474480015685460277e+00
1.485999999999999943e+01 1.697779112688028835e+00
1.487000000000000099e+01 1.213857934083390155e+00
1.488000000000000078e+01 1.317758091275022636e+00
1.489000000000000057e+01 1.100174731095404201e+00
1.490000000000000036e+01 1.392288404298888116e+00
1.491000000000000014e+01 1.306508909372765093e+00
1.491999999999999993e+01 1.180641688588905724e+00
1.492999999999999972e+01 1.657761653712527483e+00
1.493999999999999950e+01 1.093430046456742577e+00
1.495000000000000107e+01 8.872513709287246364e-01
1.496000000000000085e+01 8.341590120574875478e-01
1.497000000000000064e+01 8.206966919389714343e-01
1.498000000000000043e+01 1.240959182853937248e+00
1.499000000000000021e+01 7.136206788946136692e-01
1.500000000000000000e+01 3.914304033242005931e-01
