8.000000000000000000e+04	9.410929002595704862e-01
8.000100000000000000e+04	8.895613393045045392e-01
8.000200000000000000e+04	9.283894706691487864e-01
8.000300000000000000e+04	8.653665828529482074e-01
8.000400000000000000e+04	9.633473678095081372e-01
8.000500000000000000e+04	1.003718355810222507e+00
8.000600000000000000e+04	9.367981652807502169e-01
8.000700000000000000e+04	9.835340349951862127e-01
8.000800000000000000e+04	9.396039078761577734e-01
8.000900000000000000e+04	1.023257967390939216e+00
8.001000000000000000e+04	9.704217297689883281e-01
8.001100000000000000e+04	9.689025331516746276e-01
8.001200000000000000e+04	9.764418252605622239e-01
8.001300000000000000e+04	1.036973747537547785e+00
8.001400000000000000e+04	1.020066903572868000e+00
8.001500000000000000e+04	9.189709690773351092e-01
8.001600000000000000e+04	1.086727111366639242e+00
8.001700000000000000e+04	1.100417076843454911e+00
8.001800000000000000e+04	9.837748719419061594e-01
8.001900000000000000e+04	1.070308740963263894e+00
8.002000000000000000e+04	1.030020222808400110e+00
8.002100000000000000e+04	1.080994509999467335e+00
8.002200000000000000e+04	1.132070231222354062e+00
8.002300000000000000e+04	1.098351090366499250e+00
8.002400000000000000e+04	1.084209018329716168e+00
8.002500000000000000e+04	1.004270507861410922e+00
8.002600000000000000e+04	1.119949380313342902e+00
8.002700000000000000e+04	1.192099037904034597e+00
8.002800000000000000e+04	1.164156287572628568e+00
8.002900000000000000e+04	1.184487793310580406e+00
8.003000000000000000e+04	1.164188644698312958e+00
8.003100000000000000e+04	1.071335651935791056e+00
8.003200000000000000e+04	1.180645448990414792e+00
8.003300000000000000e+04	1.088249016648314305e+00
8.003400000000000000e+04	1.157070990443943348e+00
8.003500000000000000e+04	1.124999162982568857e+00
8.003600000000000000e+04	1.204045847933963964e+00
8.003700000000000000e+04	1.242187868414264429e+00
8.003800000000000000e+04	1.152385633763200357e+00
8.003900000000000000e+04	1.226458698024223581e+00
8.004000000000000000e+04	1.246075188170431947e+00
8.004100000000000000e+04	1.187114856474572155e+00
8.004200000000000000e+04	1.146734688176671124e+00
8.004300000000000000e+04	1.262532455696745437e+00
8.004400000000000000e+04	1.190114719956571143e+00
8.004500000000000000e+04	1.302076327852904170e+00
8.004600000000000000e+04	1.233777975607615485e+00
8.004700000000000000e+04	1.196369827959845811e+00
8.004800000000000000e+04	1.205613096503283632e+00
8.004900000000000000e+04	1.294075400008670940e+00
8.005000000000000000e+04	1.316241619919771955e+00
8.005100000000000000e+04	1.313230420854440306e+00
8.005200000000000000e+04	1.326522163504770591e+00
8.005300000000000000e+04	1.254362753986067558e+00
8.005400000000000000e+04	1.331200789578335097e+00
8.005500000000000000e+04	1.225669193532240131e+00
8.005600000000000000e+04	1.258170460843624383e+00
8.005700000000000000e+04	1.328533889762473663e+00
8.005800000000000000e+04	1.231094501028678234e+00
8.005900000000000000e+04	1.280610360674960146e+00
8.006000000000000000e+04	1.300199915550934726e+00
8.006100000000000000e+04	1.341349309317990235e+00
8.006200000000000000e+04	1.274601159420575502e+00
8.006300000000000000e+04	1.349235764840410301e+00
8.006400000000000000e+04	1.422697026403798359e+00
8.006500000000000000e+04	1.360180183282792887e+00
8.006600000000000000e+04	1.344205052043974780e+00
8.006700000000000000e+04	1.382841979316473235e+00
8.006800000000000000e+04	1.468911093853379590e+00
8.006900000000000000e+04	1.439559854824915774e+00
8.007000000000000000e+04	1.409385443625956746e+00
8.007100000000000000e+04	1.454496088763599593e+00
8.007200000000000000e+04	1.457692061848839371e+00
8.007300000000000000e+04	1.391117149737786995e+00
8.007400000000000000e+04	1.393969333995219717e+00
8.007500000000000000e+04	1.412066658184911061e+00
8.007600000000000000e+04	1.432083881165189920e+00
8.007700000000000000e+04	1.493376004940176527e+00
8.007800000000000000e+04	1.447969302521010082e+00
8.007900000000000000e+04	1.504854411444782603e+00
8.008000000000000000e+04	1.495703835336977594e+00
8.008100000000000000e+04	1.455135913819025184e+00
8.008200000000000000e+04	1.466636898479292350e+00
8.008300000000000000e+04	1.486379381887525497e+00
8.008400000000000000e+04	1.455130399315863965e+00
8.008500000000000000e+04	1.465745250742755079e+00
8.008600000000000000e+04	1.563673456838436060e+00
8.008700000000000000e+04	1.506342242931218989e+00
8.008800000000000000e+04	1.375952081642864977e+00
8.008900000000000000e+04	1.485079805262795150e+00
8.009000000000000000e+04	1.424805052681547668e+00
8.009100000000000000e+04	1.522054754499192031e+00
8.009200000000000000e+04	1.581905459434674865e+00
8.009300000000000000e+04	1.563828478577615977e+00
8.009400000000000000e+04	1.523588411382812646e+00
8.009500000000000000e+04	1.529171332990043819e+00
8.009600000000000000e+04	1.445411171442619436e+00
8.009700000000000000e+04	1.516086629804293873e+00
8.009800000000000000e+04	1.534001108998815477e+00
8.009900000000000000e+04	1.626683642054545853e+00
8.010000000000000000e+04	1.552308730736103204e+00
8.010100000000000000e+04	1.464559709282546862e+00
8.010200000000000000e+04	1.563931709026423311e+00
8.010300000000000000e+04	1.633028231252396045e+00
8.010400000000000000e+04	1.531275678846304888e+00
8.010500000000000000e+04	1.658389850170299384e+00
8.010600000000000000e+04	1.613996272091408057e+00
8.010700000000000000e+04	1.576907215369510951e+00
8.010800000000000000e+04	1.578623744754457991e+00
8.010900000000000000e+04	1.633423575450339893e+00
8.011000000000000000e+04	1.546016542283819462e+00
8.011100000000000000e+04	1.601717938514664930e+00
8.011200000000000000e+04	1.650456878146805195e+00
8.011300000000000000e+04	1.675284017206841725e+00
8.011400000000000000e+04	1.709759842729103196e+00
8.011500000000000000e+04	1.605742775397879241e+00
8.011600000000000000e+04	1.647563093447954596e+00
8.011700000000000000e+04	1.641829457684652382e+00
8.011800000000000000e+04	1.690762152574730726e+00
8.011900000000000000e+04	1.673803046747764922e+00
8.012000000000000000e+04	1.629575266263257660e+00
8.012100000000000000e+04	1.810394482128561577e+00
8.012200000000000000e+04	1.713789389386751516e+00
8.012300000000000000e+04	1.679460574467079637e+00
8.012400000000000000e+04	1.704510378690091921e+00
8.012500000000000000e+04	1.717500396284286523e+00
8.012600000000000000e+04	1.706145434750214074e+00
8.012700000000000000e+04	1.615161930881820362e+00
8.012800000000000000e+04	1.720137785166423905e+00
8.012900000000000000e+04	1.742612467076188443e+00
8.013000000000000000e+04	1.774705863617052959e+00
8.013100000000000000e+04	1.759699038722610132e+00
8.013200000000000000e+04	1.839186935185514127e+00
8.013300000000000000e+04	1.790051762618608322e+00
8.013400000000000000e+04	1.689084328362625786e+00
8.013500000000000000e+04	1.860210749268246921e+00
8.013600000000000000e+04	1.741270417987431651e+00
8.013700000000000000e+04	1.827199569032525561e+00
8.013800000000000000e+04	1.760495331643286976e+00
8.013900000000000000e+04	1.723592693195030501e+00
8.014000000000000000e+04	1.749779432181980399e+00
8.014100000000000000e+04	1.865690656738802744e+00
8.014200000000000000e+04	1.846392326145981366e+00
8.014300000000000000e+04	1.766962540533362658e+00
8.014400000000000000e+04	1.848116554914389198e+00
8.014500000000000000e+04	1.793515995980113686e+00
8.014600000000000000e+04	1.885977449629394620e+00
8.014700000000000000e+04	1.750127496290400986e+00
8.014800000000000000e+04	1.851512264837031241e+00
8.014900000000000000e+04	1.809621326935632268e+00
8.015000000000000000e+04	1.873027640839734165e+00
8.015100000000000000e+04	1.882002570353258575e+00
8.015200000000000000e+04	1.865575854648842569e+00
8.015300000000000000e+04	1.922881842935241448e+00
8.015400000000000000e+04	1.934025504519166772e+00
8.015500000000000000e+04	1.827161883116542596e+00
8.015600000000000000e+04	1.862232089698985904e+00
8.015700000000000000e+04	1.835665711834796543e+00
8.015800000000000000e+04	1.876210160617648004e+00
8.015900000000000000e+04	1.850767729825228747e+00
8.016000000000000000e+04	1.984648501292659351e+00
8.016100000000000000e+04	1.877077131870772186e+00
8.016200000000000000e+04	1.915094808766933943e+00
8.016300000000000000e+04	1.945263388871847576e+00
8.016400000000000000e+04	2.008205775234127355e+00
8.016500000000000000e+04	1.877733784361982128e+00
8.016600000000000000e+04	1.876338435701011553e+00
8.016700000000000000e+04	1.913197485841763523e+00
8.016800000000000000e+04	1.964566446472350014e+00
8.016900000000000000e+04	1.907909282591812916e+00
8.017000000000000000e+04	1.938194639903577432e+00
8.017100000000000000e+04	2.025479279568102697e+00
8.017200000000000000e+04	1.894345657599533661e+00
8.017300000000000000e+04	1.914832370229198499e+00
8.017400000000000000e+04	1.911302230264848578e+00
8.017500000000000000e+04	1.859396325584912191e+00
8.017600000000000000e+04	1.936253436989819443e+00
8.017700000000000000e+04	2.026385713376260611e+00
8.017800000000000000e+04	2.008189919942874990e+00
8.017900000000000000e+04	2.008885241097120300e+00
8.018000000000000000e+04	2.019436802344932502e+00
8.018100000000000000e+04	2.079895064786397629e+00
8.018200000000000000e+04	2.039141021810598975e+00
8.018300000000000000e+04	2.058180507274654403e+00
8.018400000000000000e+04	2.003175527216528806e+00
8.018500000000000000e+04	2.030438830022794683e+00
8.018600000000000000e+04	2.030902030910375355e+00
8.018700000000000000e+04	1.991787444435962229e+00
8.018800000000000000e+04	2.138250144819207055e+00
8.018900000000000000e+04	2.023380760493673769e+00
8.019000000000000000e+04	2.095012891145127565e+00
8.019100000000000000e+04	2.018351634923322813e+00
8.019200000000000000e+04	2.048106649175533089e+00
8.019300000000000000e+04	2.039544088189973792e+00
8.019400000000000000e+04	2.096987361901890612e+00
8.019500000000000000e+04	2.119158474879699217e+00
8.019600000000000000e+04	2.014378884486625942e+00
8.019700000000000000e+04	2.165637889750751999e+00
8.019800000000000000e+04	2.108379065456391199e+00
8.019900000000000000e+04	2.105091888114310805e+00
8.020000000000000000e+04	2.140986078427818295e+00
8.020100000000000000e+04	2.142024658061965070e+00
8.020200000000000000e+04	2.151242615019904658e+00
8.020300000000000000e+04	2.121360903209358995e+00
8.020400000000000000e+04	2.065005952387230614e+00
8.020500000000000000e+04	2.169819890299025111e+00
8.020600000000000000e+04	2.252639019859405067e+00
8.020700000000000000e+04	2.094159462887550394e+00
8.020800000000000000e+04	2.269140708677181095e+00
8.020900000000000000e+04	2.132935446060826301e+00
8.021000000000000000e+04	2.286841929064661549e+00
8.021100000000000000e+04	2.172813645540366601e+00
8.021200000000000000e+04	2.266976708600973556e+00
8.021300000000000000e+04	2.172055495127758640e+00
8.021400000000000000e+04	2.236057839779924450e+00
8.021500000000000000e+04	2.225840687317537370e+00
8.021600000000000000e+04	2.305430918051857070e+00
8.021700000000000000e+04	2.218803227220723429e+00
8.021800000000000000e+04	2.354228054651111623e+00
8.021900000000000000e+04	2.354592097523999783e+00
8.022000000000000000e+04	2.383426382190987347e+00
8.022100000000000000e+04	2.294558879332856183e+00
8.022200000000000000e+04	2.273604423340648051e+00
8.022300000000000000e+04	2.375607346016502586e+00
8.022400000000000000e+04	2.386933071794546279e+00
8.022500000000000000e+04	2.225328150039448616e+00
8.022600000000000000e+04	2.448737783286202507e+00
8.022700000000000000e+04	2.345396130962834835e+00
8.022800000000000000e+04	2.352613670490728559e+00
8.022900000000000000e+04	2.359670138681030593e+00
8.023000000000000000e+04	2.307351430431353378e+00
8.023100000000000000e+04	2.392066362635832277e+00
8.023200000000000000e+04	2.393477605193097268e+00
8.023300000000000000e+04	2.419753186025473290e+00
8.023400000000000000e+04	2.389311149924872257e+00
8.023500000000000000e+04	2.453254109174754838e+00
8.023600000000000000e+04	2.371940027000252638e+00
8.023700000000000000e+04	2.509785667112469643e+00
8.023800000000000000e+04	2.448433513593000654e+00
8.023900000000000000e+04	2.449083063916771330e+00
8.024000000000000000e+04	2.500731040195373289e+00
8.024100000000000000e+04	2.622352475539034611e+00
8.024200000000000000e+04	2.514147972861189739e+00
8.024300000000000000e+04	2.536094052757799755e+00
8.024400000000000000e+04	2.509978855576580958e+00
8.024500000000000000e+04	2.570051599225974037e+00
8.024600000000000000e+04	2.564269171566643912e+00
8.024700000000000000e+04	2.607069688125174700e+00
8.024800000000000000e+04	2.623460457418467673e+00
8.024900000000000000e+04	2.597758601403754142e+00
8.025000000000000000e+04	2.647028094035402290e+00
8.025100000000000000e+04	2.634962672018988261e+00
8.025200000000000000e+04	2.686326582202896773e+00
8.025300000000000000e+04	2.723890926866475937e+00
8.025400000000000000e+04	2.654819153882578942e+00
8.025500000000000000e+04	2.568190677830566315e+00
8.025600000000000000e+04	2.698419065394962235e+00
8.025700000000000000e+04	2.771101158844241130e+00
8.025800000000000000e+04	2.790773604246070239e+00
8.025900000000000000e+04	2.726089425947835654e+00
8.026000000000000000e+04	2.854602351804976124e+00
8.026100000000000000e+04	2.752198664574194265e+00
8.026200000000000000e+04	2.760451984492156008e+00
8.026300000000000000e+04	2.753834555676545559e+00
8.026400000000000000e+04	2.873999254138816184e+00
8.026500000000000000e+04	2.842615034839515609e+00
8.026600000000000000e+04	2.813269370458929775e+00
8.026700000000000000e+04	2.952631619571506771e+00
8.026800000000000000e+04	2.834357184244880923e+00
8.026900000000000000e+04	2.890345710195084461e+00
8.027000000000000000e+04	2.897008289170016404e+00
8.027100000000000000e+04	2.973767138059706827e+00
8.027200000000000000e+04	2.885129914185774691e+00
8.027300000000000000e+04	2.979218144891635500e+00
8.027400000000000000e+04	2.939815284513515703e+00
8.027500000000000000e+04	2.995655631553761467e+00
8.027600000000000000e+04	3.030465246552228820e+00
8.027700000000000000e+04	2.943544036844651046e+00
8.027800000000000000e+04	3.009012560151638205e+00
8.027900000000000000e+04	3.117505146023501261e+00
8.028000000000000000e+04	3.089363244427106636e+00
8.028100000000000000e+04	3.056737485030517565e+00
8.028200000000000000e+04	3.146552378775384184e+00
8.028300000000000000e+04	3.233220089247901274e+00
8.028400000000000000e+04	3.175575507429887256e+00
8.028500000000000000e+04	3.145103722683096681e+00
8.028600000000000000e+04	3.107170010042024089e+00
8.028700000000000000e+04	3.223321890737021356e+00
8.028800000000000000e+04	3.227191668602532371e+00
8.028900000000000000e+04	3.288103043659192704e+00
8.029000000000000000e+04	3.324366511952229430e+00
8.029100000000000000e+04	3.306610065679026711e+00
8.029200000000000000e+04	3.354907847376197516e+00
8.029300000000000000e+04	3.439092057385250367e+00
8.029400000000000000e+04	3.343182292266303257e+00
8.029500000000000000e+04	3.420186558929787957e+00
8.029600000000000000e+04	3.401794298836963826e+00
8.029700000000000000e+04	3.401286752126396085e+00
8.029800000000000000e+04	3.500140256339047795e+00
8.029900000000000000e+04	3.473225607853580588e+00
8.030000000000000000e+04	3.500490219378712631e+00
8.030100000000000000e+04	3.446116333961829703e+00
8.030200000000000000e+04	3.557065835456111991e+00
8.030300000000000000e+04	3.534239330576819160e+00
8.030400000000000000e+04	3.559266105012297565e+00
8.030500000000000000e+04	3.654360896026848327e+00
8.030600000000000000e+04	3.652404436836426349e+00
8.030700000000000000e+04	3.611224601814553736e+00
8.030800000000000000e+04	3.652987270982803736e+00
8.030900000000000000e+04	3.742992857877483814e+00
8.031000000000000000e+04	3.767737419887843053e+00
8.031100000000000000e+04	3.581674249683095113e+00
8.031200000000000000e+04	3.679320729060139517e+00
8.031300000000000000e+04	3.811989009491763003e+00
8.031400000000000000e+04	3.738662521956676255e+00
8.031500000000000000e+04	3.908491139926959068e+00
8.031600000000000000e+04	3.868229136106398069e+00
8.031700000000000000e+04	3.887582482033335118e+00
8.031800000000000000e+04	3.973452191169723147e+00
8.031900000000000000e+04	3.979458731104337232e+00
8.032000000000000000e+04	3.870686514937945244e+00
8.032100000000000000e+04	4.022058411820776058e+00
8.032200000000000000e+04	3.997439068425649555e+00
8.032300000000000000e+04	4.044093879585529905e+00
8.032400000000000000e+04	4.083126516443315701e+00
8.032500000000000000e+04	4.059928079193643846e+00
8.032600000000000000e+04	4.014544233167430143e+00
8.032700000000000000e+04	4.066369849825899330e+00
8.032800000000000000e+04	4.094006432149462249e+00
8.032900000000000000e+04	4.115096467615523501e+00
8.033000000000000000e+04	4.197958651541069841e+00
8.033100000000000000e+04	4.209572701297904729e+00
8.033200000000000000e+04	4.278718589009236517e+00
8.033300000000000000e+04	4.250600174988864666e+00
8.033400000000000000e+04	4.272914765132316717e+00
8.033500000000000000e+04	4.248147005596965009e+00
8.033600000000000000e+04	4.250879608068272475e+00
8.033700000000000000e+04	4.305364921585336013e+00
8.033800000000000000e+04	4.295179830461314019e+00
8.033900000000000000e+04	4.378058354618025838e+00
8.034000000000000000e+04	4.356537588567579888e+00
8.034100000000000000e+04	4.308832450629971333e+00
8.034200000000000000e+04	4.328842854134212104e+00
8.034300000000000000e+04	4.450684788696946725e+00
8.034400000000000000e+04	4.397932748330553920e+00
8.034500000000000000e+04	4.431559491638422443e+00
8.034600000000000000e+04	4.364597105834667978e+00
8.034700000000000000e+04	4.423568924404687408e+00
8.034800000000000000e+04	4.414165932656207048e+00
8.034900000000000000e+04	4.376726453724596233e+00
8.035000000000000000e+04	4.383440715248089425e+00
8.035100000000000000e+04	4.455474168511117661e+00
8.035200000000000000e+04	4.494533995452372643e+00
8.035300000000000000e+04	4.418921520763742450e+00
8.035400000000000000e+04	4.307958573923330370e+00
8.035500000000000000e+04	4.452872298625760727e+00
8.035600000000000000e+04	4.352996959435908586e+00
8.035700000000000000e+04	4.394778205201707699e+00
8.035800000000000000e+04	4.434889579889834899e+00
8.035900000000000000e+04	4.485010640170187912e+00
8.036000000000000000e+04	4.417176906387195956e+00
8.036100000000000000e+04	4.367820016312220943e+00
8.036200000000000000e+04	4.331909475515359098e+00
8.036300000000000000e+04	4.441558594419657169e+00
8.036400000000000000e+04	4.455104081581090725e+00
8.036500000000000000e+04	4.358162026424396096e+00
8.036600000000000000e+04	4.394107355294458728e+00
8.036700000000000000e+04	4.352066765453937336e+00
8.036800000000000000e+04	4.339152681147916191e+00
8.036900000000000000e+04	4.230847216168426073e+00
8.037000000000000000e+04	4.448698073541308418e+00
8.037100000000000000e+04	4.294745765703241069e+00
8.037200000000000000e+04	4.279896371243975040e+00
8.037300000000000000e+04	4.262662092764465172e+00
8.037400000000000000e+04	4.272644893981544456e+00
8.037500000000000000e+04	4.261193079854986188e+00
8.037600000000000000e+04	4.184690476159210526e+00
8.037700000000000000e+04	4.201132601459903526e+00
8.037800000000000000e+04	4.148131547061208124e+00
8.037900000000000000e+04	4.184113192334369735e+00
8.038000000000000000e+04	4.196986728319530791e+00
8.038100000000000000e+04	4.157355723826194449e+00
8.038200000000000000e+04	4.063867683235766748e+00
8.038300000000000000e+04	4.054638767481265837e+00
8.038400000000000000e+04	4.100837038694860048e+00
8.038500000000000000e+04	4.087637259258342759e+00
8.038600000000000000e+04	4.042682587317614207e+00
8.038700000000000000e+04	4.005655407459069117e+00
8.038800000000000000e+04	3.941584786741699098e+00
8.038900000000000000e+04	3.896704843506666460e+00
8.039000000000000000e+04	3.848093146500671580e+00
8.039100000000000000e+04	3.889300197540417336e+00
8.039200000000000000e+04	3.921301906029322382e+00
8.039300000000000000e+04	3.733174958411900946e+00
8.039400000000000000e+04	3.863166538254663607e+00
8.039500000000000000e+04	3.775115101554750829e+00
8.039600000000000000e+04	3.756104230382928399e+00
8.039700000000000000e+04	3.615773571718682966e+00
8.039800000000000000e+04	3.722753258989047076e+00
8.039900000000000000e+04	3.693451267011531147e+00
8.040000000000000000e+04	3.630372566418325952e+00
8.040100000000000000e+04	3.701202577281706763e+00
8.040200000000000000e+04	3.623281209552247084e+00
8.040300000000000000e+04	3.663484320827535612e+00
8.040400000000000000e+04	3.523977612235141610e+00
8.040500000000000000e+04	3.515892793431937058e+00
8.040600000000000000e+04	3.574204449215589996e+00
8.040700000000000000e+04	3.483166842597301471e+00
8.040800000000000000e+04	3.509019392261675474e+00
8.040900000000000000e+04	3.426341469945155982e+00
8.041000000000000000e+04	3.431212756219361282e+00
8.041100000000000000e+04	3.369508162092799797e+00
8.041200000000000000e+04	3.295411872751808247e+00
8.041300000000000000e+04	3.367025977339014986e+00
8.041400000000000000e+04	3.315860271207072607e+00
8.041500000000000000e+04	3.320729741389202072e+00
8.041600000000000000e+04	3.269674358127361735e+00
8.041700000000000000e+04	3.265702812587921500e+00
8.041800000000000000e+04	3.261202465889906588e+00
8.041900000000000000e+04	3.228796946076207597e+00
8.042000000000000000e+04	3.202570457345457644e+00
8.042100000000000000e+04	3.264917053735359787e+00
8.042200000000000000e+04	3.197569212085014545e+00
8.042300000000000000e+04	3.105077918283794425e+00
8.042400000000000000e+04	3.164580539743421017e+00
8.042500000000000000e+04	3.076861266983400345e+00
8.042600000000000000e+04	2.943765223137642106e+00
8.042700000000000000e+04	3.112889049123940488e+00
8.042800000000000000e+04	3.090522066912453347e+00
8.042900000000000000e+04	3.058041604011367376e+00
8.043000000000000000e+04	2.969739173065986559e+00
8.043100000000000000e+04	3.060738150747800645e+00
8.043200000000000000e+04	2.943935933637324087e+00
8.043300000000000000e+04	2.984222932482402335e+00
8.043400000000000000e+04	2.863029677606301338e+00
8.043500000000000000e+04	2.871129898835890870e+00
8.043600000000000000e+04	2.912733736472542301e+00
8.043700000000000000e+04	2.823870832114267593e+00
8.043800000000000000e+04	2.847815992609557867e+00
8.043900000000000000e+04	2.768253998161727125e+00
8.044000000000000000e+04	2.698437249072967781e+00
8.044100000000000000e+04	2.838518508921326511e+00
8.044200000000000000e+04	2.754535001783152914e+00
8.044300000000000000e+04	2.736137055628735659e+00
8.044400000000000000e+04	2.822181703978240641e+00
8.044500000000000000e+04	2.796991183634318645e+00
8.044600000000000000e+04	2.602352590337775773e+00
8.044700000000000000e+04	2.620304415259745223e+00
8.044800000000000000e+04	2.614262077924448757e+00
8.044900000000000000e+04	2.666754842247306190e+00
8.045000000000000000e+04	2.540980024222367462e+00
8.045100000000000000e+04	2.548433473881203337e+00
8.045200000000000000e+04	2.542683802561985562e+00
8.045300000000000000e+04	2.532392197597039818e+00
8.045400000000000000e+04	2.570889971792727824e+00
8.045500000000000000e+04	2.552319441528931865e+00
8.045600000000000000e+04	2.558027424885359835e+00
8.045700000000000000e+04	2.546125759087799700e+00
8.045800000000000000e+04	2.572152722215281795e+00
8.045900000000000000e+04	2.547563649467733615e+00
8.046000000000000000e+04	2.506526880000116808e+00
8.046100000000000000e+04	2.479725893256431224e+00
8.046200000000000000e+04	2.463563072071945026e+00
8.046300000000000000e+04	2.464782367053464096e+00
8.046400000000000000e+04	2.407800004137043537e+00
8.046500000000000000e+04	2.456440163838335522e+00
8.046600000000000000e+04	2.464157676005698239e+00
8.046700000000000000e+04	2.399191295201692498e+00
8.046800000000000000e+04	2.422159927360632015e+00
8.046900000000000000e+04	2.438503118077230081e+00
8.047000000000000000e+04	2.425819605452083749e+00
8.047100000000000000e+04	2.429192763742528349e+00
8.047200000000000000e+04	2.305282747750908801e+00
8.047300000000000000e+04	2.343610146194174959e+00
8.047400000000000000e+04	2.293431887085620957e+00
8.047500000000000000e+04	2.391726946811371768e+00
8.047600000000000000e+04	2.280676817257524025e+00
8.047700000000000000e+04	2.196180124164057723e+00
8.047800000000000000e+04	2.315868155626013447e+00
8.047900000000000000e+04	2.295250370366459958e+00
8.048000000000000000e+04	2.255839997102440098e+00
8.048100000000000000e+04	2.285072215746314583e+00
8.048200000000000000e+04	2.240562492785845627e+00
8.048300000000000000e+04	2.261259283763200401e+00
8.048400000000000000e+04	2.267931883672774873e+00
8.048500000000000000e+04	2.283819362442727652e+00
8.048600000000000000e+04	2.189354917577150950e+00
8.048700000000000000e+04	2.188934520265102712e+00
8.048800000000000000e+04	2.190348561532172056e+00
8.048900000000000000e+04	2.223678287865191283e+00
8.049000000000000000e+04	2.217936029095351369e+00
8.049100000000000000e+04	2.147554684653225188e+00
8.049200000000000000e+04	2.127138151649970776e+00
8.049300000000000000e+04	2.142031369076817349e+00
8.049400000000000000e+04	2.203562758684026957e+00
8.049500000000000000e+04	2.158321906118235933e+00
8.049600000000000000e+04	2.087604939145346172e+00
8.049700000000000000e+04	2.073993730727297979e+00
8.049800000000000000e+04	2.112963333137667821e+00
8.049900000000000000e+04	1.975350958952058589e+00
8.050000000000000000e+04	2.018909561440533906e+00
8.050100000000000000e+04	2.047882188348310706e+00
8.050200000000000000e+04	2.063337990201461469e+00
8.050300000000000000e+04	2.127316848676184868e+00
8.050400000000000000e+04	2.063150569174113880e+00
8.050500000000000000e+04	2.028194247798182914e+00
8.050600000000000000e+04	1.996162074878032433e+00
8.050700000000000000e+04	2.005201853303251625e+00
8.050800000000000000e+04	2.040539904985389619e+00
8.050900000000000000e+04	2.054331298670240002e+00
8.051000000000000000e+04	1.978412194912822164e+00
8.051100000000000000e+04	2.057398001776673535e+00
8.051200000000000000e+04	1.955964236493135999e+00
8.051300000000000000e+04	2.049722076543320171e+00
8.051400000000000000e+04	1.969583785235905271e+00
8.051500000000000000e+04	1.926240718100328486e+00
8.051600000000000000e+04	1.992802994064566624e+00
8.051700000000000000e+04	1.825828558713399996e+00
8.051800000000000000e+04	1.963906533906801366e+00
8.051900000000000000e+04	1.974942615060463202e+00
8.052000000000000000e+04	1.956976273626599871e+00
8.052100000000000000e+04	1.941196851047618299e+00
8.052200000000000000e+04	1.997286538240608866e+00
8.052300000000000000e+04	1.967303052879112668e+00
8.052400000000000000e+04	1.903567823928067559e+00
8.052500000000000000e+04	1.961995393965159762e+00
8.052600000000000000e+04	2.026785989625128792e+00
8.052700000000000000e+04	1.888345583727093269e+00
8.052800000000000000e+04	1.827980721515656271e+00
8.052900000000000000e+04	1.996822669711603160e+00
8.053000000000000000e+04	1.920300825771651620e+00
8.053100000000000000e+04	1.934686858505956231e+00
8.053200000000000000e+04	1.860557893883626024e+00
8.053300000000000000e+04	1.961525159074676283e+00
8.053400000000000000e+04	1.867709548781229190e+00
8.053500000000000000e+04	1.849157466329065080e+00
8.053600000000000000e+04	1.874068605204462834e+00
8.053700000000000000e+04	1.895886149138786836e+00
8.053800000000000000e+04	1.871913380437888685e+00
8.053900000000000000e+04	1.905788707515176705e+00
8.054000000000000000e+04	1.926079170642200911e+00
8.054100000000000000e+04	1.879730735973731415e+00
8.054200000000000000e+04	1.809137212107227999e+00
8.054300000000000000e+04	1.843670139657026530e+00
8.054400000000000000e+04	1.815155153312641101e+00
8.054500000000000000e+04	1.831727554800354207e+00
8.054600000000000000e+04	1.791886179333277873e+00
8.054700000000000000e+04	1.768674384671590438e+00
8.054800000000000000e+04	1.842036938842668503e+00
8.054900000000000000e+04	1.759177549270120489e+00
8.055000000000000000e+04	1.740572748600325070e+00
8.055100000000000000e+04	1.788290782623166209e+00
8.055200000000000000e+04	1.798254647507159687e+00
8.055300000000000000e+04	1.806744865488836060e+00
8.055400000000000000e+04	1.798246818443864026e+00
8.055500000000000000e+04	1.774079686465291017e+00
8.055600000000000000e+04	1.786597074773573102e+00
8.055700000000000000e+04	1.739636517581726105e+00
8.055800000000000000e+04	1.643267703396347201e+00
8.055900000000000000e+04	1.757088157202887135e+00
8.056000000000000000e+04	1.725700998858644475e+00
8.056100000000000000e+04	1.837447739162910709e+00
8.056200000000000000e+04	1.842210200051442426e+00
8.056300000000000000e+04	1.852015157914316479e+00
8.056400000000000000e+04	1.725691863780523860e+00
8.056500000000000000e+04	1.714545256178042765e+00
8.056600000000000000e+04	1.746877675760576176e+00
8.056700000000000000e+04	1.707068780735123470e+00
8.056800000000000000e+04	1.813694239495739380e+00
8.056900000000000000e+04	1.741534173016412224e+00
8.057000000000000000e+04	1.744968521790195792e+00
8.057100000000000000e+04	1.864336771047073515e+00
8.057200000000000000e+04	1.749740614433592301e+00
8.057300000000000000e+04	1.680955233664967796e+00
8.057400000000000000e+04	1.776724235135966001e+00
8.057500000000000000e+04	1.704588030044970504e+00
8.057600000000000000e+04	1.623899732474980429e+00
8.057700000000000000e+04	1.692982237037776949e+00
8.057800000000000000e+04	1.720816836784724080e+00
8.057900000000000000e+04	1.831815753515741552e+00
8.058000000000000000e+04	1.668534939261350880e+00
8.058100000000000000e+04	1.669026582422558524e+00
8.058200000000000000e+04	1.794398919289928562e+00
8.058300000000000000e+04	1.736535609199154839e+00
8.058400000000000000e+04	1.714499048917332180e+00
8.058500000000000000e+04	1.658452878913391437e+00
8.058600000000000000e+04	1.712065581359065503e+00
8.058700000000000000e+04	1.712117145370816162e+00
8.058800000000000000e+04	1.633722366352318822e+00
8.058900000000000000e+04	1.714507504164539231e+00
8.059000000000000000e+04	1.643485216856229947e+00
8.059100000000000000e+04	1.647958773065723692e+00
8.059200000000000000e+04	1.667643651114270265e+00
8.059300000000000000e+04	1.722603278314349895e+00
8.059400000000000000e+04	1.726989525806498227e+00
8.059500000000000000e+04	1.700235633904317645e+00
8.059600000000000000e+04	1.615873557882187006e+00
8.059700000000000000e+04	1.691062593034449169e+00
8.059800000000000000e+04	1.703656012741169512e+00
8.059900000000000000e+04	1.564423491942273037e+00
8.060000000000000000e+04	1.682007409288128752e+00
8.060100000000000000e+04	1.615642732546118454e+00
8.060200000000000000e+04	1.568162012899314117e+00
8.060300000000000000e+04	1.564068717696600386e+00
8.060400000000000000e+04	1.720960742694147338e+00
8.060500000000000000e+04	1.628649858607794654e+00
8.060600000000000000e+04	1.648271047955109259e+00
8.060700000000000000e+04	1.676661567538046960e+00
8.060800000000000000e+04	1.627163896676362853e+00
8.060900000000000000e+04	1.693827603414642224e+00
8.061000000000000000e+04	1.519602452731184439e+00
8.061100000000000000e+04	1.632703585191088269e+00
8.061200000000000000e+04	1.653787619028434186e+00
8.061300000000000000e+04	1.630250386881747948e+00
8.061400000000000000e+04	1.633966675112839217e+00
8.061500000000000000e+04	1.637090129995561583e+00
8.061600000000000000e+04	1.643218590558731096e+00
8.061700000000000000e+04	1.642617962774569618e+00
8.061800000000000000e+04	1.670589914010222499e+00
8.061900000000000000e+04	1.592953379062405528e+00
8.062000000000000000e+04	1.617519750192432770e+00
8.062100000000000000e+04	1.597771460991730397e+00
8.062200000000000000e+04	1.603107969643912334e+00
8.062300000000000000e+04	1.581090375467832487e+00
8.062400000000000000e+04	1.606379897759791175e+00
8.062500000000000000e+04	1.665897627218801968e+00
8.062600000000000000e+04	1.598347581884580038e+00
8.062700000000000000e+04	1.633959789785663697e+00
8.062800000000000000e+04	1.557248100896576837e+00
8.062900000000000000e+04	1.672146548506090680e+00
8.063000000000000000e+04	1.576273824938544621e+00
8.063100000000000000e+04	1.596710413347764979e+00
8.063200000000000000e+04	1.569444440108701766e+00
8.063300000000000000e+04	1.584635525569639380e+00
8.063400000000000000e+04	1.540648559612119772e+00
8.063500000000000000e+04	1.579478499480121423e+00
8.063600000000000000e+04	1.538795721119459836e+00
8.063700000000000000e+04	1.586207680683548338e+00
8.063800000000000000e+04	1.590980673593986428e+00
8.063900000000000000e+04	1.642769101649229846e+00
8.064000000000000000e+04	1.627547781275235028e+00
8.064100000000000000e+04	1.594447760064968689e+00
8.064200000000000000e+04	1.453461318333447494e+00
8.064300000000000000e+04	1.601271852773642701e+00
8.064400000000000000e+04	1.582044567046648975e+00
8.064500000000000000e+04	1.566240758817087464e+00
8.064600000000000000e+04	1.589088469568136430e+00
8.064700000000000000e+04	1.496591755425482173e+00
8.064800000000000000e+04	1.490303185254493235e+00
8.064900000000000000e+04	1.591655842801632748e+00
8.065000000000000000e+04	1.559391577848154409e+00
8.065100000000000000e+04	1.574031521988952020e+00
8.065200000000000000e+04	1.580922343712562794e+00
8.065300000000000000e+04	1.549393749266280373e+00
8.065400000000000000e+04	1.562418139729734534e+00
8.065500000000000000e+04	1.611355791237561563e+00
8.065600000000000000e+04	1.576946632160014738e+00
8.065700000000000000e+04	1.565092950936083804e+00
8.065800000000000000e+04	1.617283875856136532e+00
8.065900000000000000e+04	1.465535134914912607e+00
8.066000000000000000e+04	1.527701966819652535e+00
8.066100000000000000e+04	1.553437418662085179e+00
8.066200000000000000e+04	1.523575260518553520e+00
8.066300000000000000e+04	1.617780898307133342e+00
8.066400000000000000e+04	1.590986062946426305e+00
8.066500000000000000e+04	1.596915940524048061e+00
8.066600000000000000e+04	1.557103159652923008e+00
8.066700000000000000e+04	1.495876659546053977e+00
8.066800000000000000e+04	1.622938416405509399e+00
8.066900000000000000e+04	1.563381272863106686e+00
8.067000000000000000e+04	1.453020519891686124e+00
8.067100000000000000e+04	1.482322711351284017e+00
8.067200000000000000e+04	1.515741339976227176e+00
8.067300000000000000e+04	1.665494504774221562e+00
8.067400000000000000e+04	1.512655650314177036e+00
8.067500000000000000e+04	1.535466466880161418e+00
8.067600000000000000e+04	1.523335243515165915e+00
8.067700000000000000e+04	1.571570046565697876e+00
8.067800000000000000e+04	1.468989852221866288e+00
8.067900000000000000e+04	1.566173279943046337e+00
8.068000000000000000e+04	1.591216250338103766e+00
8.068100000000000000e+04	1.545715271793073553e+00
8.068200000000000000e+04	1.472006002873721187e+00
8.068300000000000000e+04	1.563803530522128060e+00
8.068400000000000000e+04	1.550448557913606917e+00
8.068500000000000000e+04	1.648383326285169481e+00
8.068600000000000000e+04	1.442255283938667310e+00
8.068700000000000000e+04	1.527938735522793579e+00
8.068800000000000000e+04	1.502151077151744119e+00
8.068900000000000000e+04	1.529678574532107760e+00
8.069000000000000000e+04	1.517482454599601516e+00
8.069100000000000000e+04	1.566189956803438754e+00
8.069200000000000000e+04	1.477445319649692390e+00
8.069300000000000000e+04	1.491187887918258737e+00
8.069400000000000000e+04	1.498742166579926982e+00
8.069500000000000000e+04	1.532683396226985240e+00
8.069600000000000000e+04	1.504754463483136462e+00
8.069700000000000000e+04	1.548512727814641776e+00
8.069800000000000000e+04	1.507781772873924897e+00
8.069900000000000000e+04	1.526281841208707135e+00
8.070000000000000000e+04	1.613923024274745099e+00
8.070100000000000000e+04	1.627041478921524842e+00
8.070200000000000000e+04	1.517888479154330339e+00
8.070300000000000000e+04	1.494726798194911943e+00
8.070400000000000000e+04	1.559519062721038685e+00
8.070500000000000000e+04	1.517420236330193628e+00
8.070600000000000000e+04	1.548803346896619360e+00
8.070700000000000000e+04	1.495819638336473023e+00
8.070800000000000000e+04	1.525468232648784284e+00
8.070900000000000000e+04	1.428050841447716657e+00
8.071000000000000000e+04	1.614498526003529832e+00
8.071100000000000000e+04	1.469051753203884259e+00
8.071200000000000000e+04	1.579414977727506164e+00
8.071300000000000000e+04	1.505503388933597586e+00
8.071400000000000000e+04	1.553681910945537314e+00
8.071500000000000000e+04	1.571961930753189796e+00
8.071600000000000000e+04	1.604962561640698837e+00
8.071700000000000000e+04	1.555640862794861023e+00
8.071800000000000000e+04	1.478775061702320981e+00
8.071900000000000000e+04	1.588908895378021935e+00
8.072000000000000000e+04	1.522121874224744875e+00
8.072100000000000000e+04	1.598418433648989501e+00
8.072200000000000000e+04	1.622212492283756635e+00
8.072300000000000000e+04	1.612632713754752034e+00
8.072400000000000000e+04	1.617177576145188977e+00
8.072500000000000000e+04	1.532621833834423075e+00
8.072600000000000000e+04	1.583994617935960747e+00
8.072700000000000000e+04	1.475435812161885130e+00
8.072800000000000000e+04	1.522594470703190206e+00
8.072900000000000000e+04	1.483969527057237947e+00
8.073000000000000000e+04	1.505593762932731394e+00
8.073100000000000000e+04	1.598780387014589577e+00
8.073200000000000000e+04	1.591829113759639425e+00
8.073300000000000000e+04	1.504865242937165393e+00
8.073400000000000000e+04	1.562786840231987329e+00
8.073500000000000000e+04	1.466777940144483594e+00
8.073600000000000000e+04	1.586465035463240358e+00
8.073700000000000000e+04	1.486304201711938555e+00
8.073800000000000000e+04	1.536092721455214916e+00
8.073900000000000000e+04	1.543897333497977975e+00
8.074000000000000000e+04	1.457167948056087292e+00
8.074100000000000000e+04	1.599360694349306833e+00
8.074200000000000000e+04	1.581441835337293211e+00
8.074300000000000000e+04	1.621759451387148943e+00
8.074400000000000000e+04	1.594511774544183025e+00
8.074500000000000000e+04	1.633285528664259800e+00
8.074600000000000000e+04	1.569732307270281568e+00
8.074700000000000000e+04	1.598108505470945184e+00
8.074800000000000000e+04	1.623907941836261193e+00
8.074900000000000000e+04	1.676934577292984230e+00
8.075000000000000000e+04	1.594282282311191512e+00
8.075100000000000000e+04	1.605673318291626295e+00
8.075200000000000000e+04	1.620843505612360236e+00
8.075300000000000000e+04	1.554483779231712548e+00
8.075400000000000000e+04	1.606654706116596110e+00
8.075500000000000000e+04	1.627485499786543555e+00
8.075600000000000000e+04	1.501677193217004547e+00
8.075700000000000000e+04	1.534340525237253061e+00
8.075800000000000000e+04	1.684819958647083782e+00
8.075900000000000000e+04	1.566764668412006012e+00
8.076000000000000000e+04	1.609057855940546400e+00
8.076100000000000000e+04	1.593977538378552161e+00
8.076200000000000000e+04	1.612997668463728607e+00
8.076300000000000000e+04	1.614636401531769572e+00
8.076400000000000000e+04	1.599504737357878792e+00
8.076500000000000000e+04	1.632928882275532789e+00
8.076600000000000000e+04	1.548901223180231490e+00
8.076700000000000000e+04	1.575983647883431038e+00
8.076800000000000000e+04	1.642995097964159212e+00
8.076900000000000000e+04	1.610304097219878106e+00
8.077000000000000000e+04	1.559060417448733027e+00
8.077100000000000000e+04	1.677847417970489863e+00
8.077200000000000000e+04	1.694775794539373770e+00
8.077300000000000000e+04	1.698431277805942052e+00
8.077400000000000000e+04	1.639112301209795231e+00
8.077500000000000000e+04	1.572732215749065077e+00
8.077600000000000000e+04	1.630074647118258335e+00
8.077700000000000000e+04	1.706501797997100667e+00
8.077800000000000000e+04	1.575520799192792643e+00
8.077900000000000000e+04	1.665667374587950444e+00
8.078000000000000000e+04	1.591859936190893388e+00
8.078100000000000000e+04	1.687547876717293338e+00
8.078200000000000000e+04	1.617509501131134675e+00
8.078300000000000000e+04	1.606574148359412701e+00
8.078400000000000000e+04	1.623108108723012588e+00
8.078500000000000000e+04	1.611189610066470879e+00
8.078600000000000000e+04	1.670367852389014196e+00
8.078700000000000000e+04	1.583362506839445683e+00
8.078800000000000000e+04	1.746913635571875734e+00
8.078900000000000000e+04	1.663954746926300743e+00
8.079000000000000000e+04	1.652129818560185814e+00
8.079100000000000000e+04	1.646644061100235312e+00
8.079200000000000000e+04	1.777693922823243122e+00
8.079300000000000000e+04	1.637742176033950336e+00
8.079400000000000000e+04	1.696049106381902982e+00
8.079500000000000000e+04	1.709315795156775675e+00
8.079600000000000000e+04	1.623851687711610481e+00
8.079700000000000000e+04	1.715948868219683954e+00
8.079800000000000000e+04	1.675940961100751414e+00
8.079900000000000000e+04	1.786028633976356250e+00
8.080000000000000000e+04	1.731560112884548364e+00
8.080100000000000000e+04	1.736132495104022011e+00
8.080200000000000000e+04	1.709582387766078071e+00
8.080300000000000000e+04	1.834295430225284074e+00
8.080400000000000000e+04	1.663806216986469355e+00
8.080500000000000000e+04	1.670451602878543662e+00
8.080600000000000000e+04	1.712160713913090992e+00
8.080700000000000000e+04	1.667165043805894475e+00
8.080800000000000000e+04	1.673305039467555488e+00
8.080900000000000000e+04	1.668332445371755401e+00
8.081000000000000000e+04	1.726674030084472955e+00
8.081100000000000000e+04	1.716571537350146226e+00
8.081200000000000000e+04	1.698119342202728310e+00
8.081300000000000000e+04	1.751724374068315937e+00
8.081400000000000000e+04	1.679367319085774968e+00
8.081500000000000000e+04	1.675875474814667587e+00
8.081600000000000000e+04	1.692014937381801643e+00
8.081700000000000000e+04	1.779759912883386974e+00
8.081800000000000000e+04	1.664388772049129495e+00
8.081900000000000000e+04	1.665478451429149631e+00
8.082000000000000000e+04	1.703208042813281420e+00
8.082100000000000000e+04	1.804027803706189204e+00
8.082200000000000000e+04	1.757440342358309149e+00
8.082300000000000000e+04	1.735311453816744010e+00
8.082400000000000000e+04	1.628835553744743425e+00
8.082500000000000000e+04	1.802053788512820498e+00
8.082600000000000000e+04	1.721744655218134357e+00
8.082700000000000000e+04	1.765182288397220800e+00
8.082800000000000000e+04	1.806073494715074723e+00
8.082900000000000000e+04	1.821272634502312693e+00
8.083000000000000000e+04	1.776615850672798702e+00
8.083100000000000000e+04	1.784757375278728686e+00
8.083200000000000000e+04	1.827691557955234636e+00
8.083300000000000000e+04	1.792275997193583326e+00
8.083400000000000000e+04	1.731394232270535571e+00
8.083500000000000000e+04	1.737492026701981995e+00
8.083600000000000000e+04	1.808096006270878853e+00
8.083700000000000000e+04	1.695109352933027669e+00
8.083800000000000000e+04	1.789457720205895885e+00
8.083900000000000000e+04	1.783462215719837429e+00
8.084000000000000000e+04	1.862052901797235371e+00
8.084100000000000000e+04	1.810356680964070986e+00
8.084200000000000000e+04	1.790512292183662924e+00
8.084300000000000000e+04	1.750328618498053324e+00
8.084400000000000000e+04	1.847593212519312855e+00
8.084500000000000000e+04	1.798979396857095070e+00
8.084600000000000000e+04	1.876754699961884931e+00
8.084700000000000000e+04	1.871559248146647203e+00
8.084800000000000000e+04	1.898485860630138244e+00
8.084900000000000000e+04	1.838615830245631244e+00
8.085000000000000000e+04	1.794015884578511244e+00
8.085100000000000000e+04	1.793119034441203796e+00
8.085200000000000000e+04	1.864885354543610818e+00
8.085300000000000000e+04	1.861726835126550128e+00
8.085400000000000000e+04	1.936613792136512524e+00
8.085500000000000000e+04	1.910350109900661897e+00
8.085600000000000000e+04	1.890734840796760574e+00
8.085700000000000000e+04	1.790324268262247775e+00
8.085800000000000000e+04	1.914988102340457576e+00
8.085900000000000000e+04	1.877101884903449314e+00
8.086000000000000000e+04	1.933653506667147637e+00
8.086100000000000000e+04	1.867149388467284510e+00
8.086200000000000000e+04	1.824329686874086587e+00
8.086300000000000000e+04	1.858833989002711018e+00
8.086400000000000000e+04	1.771129426162857401e+00
8.086500000000000000e+04	1.812618140749139739e+00
8.086600000000000000e+04	1.859174761861272618e+00
8.086700000000000000e+04	1.966550210460961345e+00
8.086800000000000000e+04	2.006079761918110105e+00
8.086900000000000000e+04	1.879700781858782976e+00
8.087000000000000000e+04	1.937956722933990461e+00
8.087100000000000000e+04	1.952725046747795234e+00
8.087200000000000000e+04	1.855821146416664957e+00
8.087300000000000000e+04	2.036122493965569547e+00
8.087400000000000000e+04	1.876933030026424865e+00
8.087500000000000000e+04	1.869967107947322127e+00
8.087600000000000000e+04	1.964317461202844672e+00
8.087700000000000000e+04	2.073246953104470602e+00
8.087800000000000000e+04	2.077676781183269927e+00
8.087900000000000000e+04	2.115448996055475650e+00
8.088000000000000000e+04	1.957375894969034302e+00
8.088100000000000000e+04	1.957928709516130628e+00
8.088200000000000000e+04	1.881206902182674057e+00
8.088300000000000000e+04	1.924570826505615173e+00
8.088400000000000000e+04	2.099409743513838134e+00
8.088500000000000000e+04	2.057097860551147406e+00
8.088600000000000000e+04	1.965789234279691211e+00
8.088700000000000000e+04	2.073940551495554896e+00
8.088800000000000000e+04	2.038225682275753403e+00
8.088900000000000000e+04	2.019728644037697585e+00
8.089000000000000000e+04	2.061432968440277680e+00
8.089100000000000000e+04	1.929756157644709536e+00
8.089200000000000000e+04	2.069730760448777573e+00
8.089300000000000000e+04	2.037892476930040164e+00
8.089400000000000000e+04	2.079353658707765007e+00
8.089500000000000000e+04	2.031767062739668894e+00
8.089600000000000000e+04	2.062493339591990882e+00
8.089700000000000000e+04	2.113952940562912275e+00
8.089800000000000000e+04	2.068045155727003870e+00
8.089900000000000000e+04	2.115180989805107714e+00
8.090000000000000000e+04	2.015144978847899893e+00
8.090100000000000000e+04	2.032045305957988823e+00
8.090200000000000000e+04	2.134121238726255587e+00
8.090300000000000000e+04	2.173008801786848743e+00
8.090400000000000000e+04	2.073667836401988929e+00
8.090500000000000000e+04	2.091831697269896928e+00
8.090600000000000000e+04	2.097674089034130773e+00
8.090700000000000000e+04	2.226786547305393604e+00
8.090800000000000000e+04	2.130654436278027308e+00
8.090900000000000000e+04	2.244187274050499781e+00
8.091000000000000000e+04	2.131153852923011627e+00
8.091100000000000000e+04	2.153978666651775509e+00
8.091200000000000000e+04	2.184028415729322159e+00
8.091300000000000000e+04	2.189640517704896983e+00
8.091400000000000000e+04	2.141459984140272166e+00
8.091500000000000000e+04	2.300771026808767328e+00
8.091600000000000000e+04	2.068165565627212654e+00
8.091700000000000000e+04	2.270837200244802734e+00
8.091800000000000000e+04	2.139497361965758238e+00
8.091900000000000000e+04	2.203186823059783084e+00
8.092000000000000000e+04	2.255083336948782158e+00
8.092100000000000000e+04	2.216939425859509871e+00
8.092200000000000000e+04	2.247286322315027896e+00
8.092300000000000000e+04	2.235101443202612170e+00
8.092400000000000000e+04	2.274510803969023165e+00
8.092500000000000000e+04	2.319756973442142822e+00
8.092600000000000000e+04	2.244330471613694034e+00
8.092700000000000000e+04	2.257841339087611754e+00
8.092800000000000000e+04	2.280007207053450280e+00
8.092900000000000000e+04	2.286876927991753572e+00
8.093000000000000000e+04	2.234105546154812938e+00
8.093100000000000000e+04	2.241231141286126771e+00
8.093200000000000000e+04	2.350687755042937699e+00
8.093300000000000000e+04	2.265012089975098508e+00
8.093400000000000000e+04	2.360716374725451150e+00
8.093500000000000000e+04	2.255988500794096741e+00
8.093600000000000000e+04	2.244279623411205904e+00
8.093700000000000000e+04	2.258247366090091024e+00
8.093800000000000000e+04	2.318901790951246156e+00
8.093900000000000000e+04	2.325223523231653378e+00
8.094000000000000000e+04	2.315857743815686209e+00
8.094100000000000000e+04	2.360967158469752913e+00
8.094200000000000000e+04	2.342952534115734231e+00
8.094300000000000000e+04	2.346991872191047435e+00
8.094400000000000000e+04	2.419309161305597922e+00
8.094500000000000000e+04	2.369791114090565642e+00
8.094600000000000000e+04	2.306731315965776297e+00
8.094700000000000000e+04	2.371243178603565482e+00
8.094800000000000000e+04	2.354559498339303225e+00
8.094900000000000000e+04	2.375510396360239085e+00
8.095000000000000000e+04	2.400550670903177863e+00
8.095100000000000000e+04	2.408763159459152536e+00
8.095200000000000000e+04	2.517067008115855486e+00
8.095300000000000000e+04	2.564318876225337274e+00
8.095400000000000000e+04	2.496064448379093914e+00
8.095500000000000000e+04	2.569526647620372639e+00
8.095600000000000000e+04	2.442682257731045414e+00
8.095700000000000000e+04	2.549417002253030251e+00
8.095800000000000000e+04	2.492698307328439888e+00
8.095900000000000000e+04	2.506768018316090973e+00
8.096000000000000000e+04	2.490255789631841576e+00
8.096100000000000000e+04	2.444262073047751560e+00
8.096200000000000000e+04	2.446183249923086667e+00
8.096300000000000000e+04	2.520271759036755821e+00
8.096400000000000000e+04	2.563793280787741047e+00
8.096500000000000000e+04	2.576128274551032771e+00
8.096600000000000000e+04	2.535819470974923551e+00
8.096700000000000000e+04	2.589324645623749532e+00
8.096800000000000000e+04	2.542515836178588451e+00
8.096900000000000000e+04	2.578675049016834642e+00
8.097000000000000000e+04	2.526269808786063553e+00
8.097100000000000000e+04	2.537154336151363321e+00
8.097200000000000000e+04	2.575794797739685116e+00
8.097300000000000000e+04	2.630818198951507370e+00
8.097400000000000000e+04	2.590942884642718269e+00
8.097500000000000000e+04	2.568950095132865208e+00
8.097600000000000000e+04	2.606009634794518970e+00
8.097700000000000000e+04	2.589887514272717794e+00
8.097800000000000000e+04	2.668174576862925917e+00
8.097900000000000000e+04	2.660217892873740553e+00
8.098000000000000000e+04	2.510712606445828055e+00
8.098100000000000000e+04	2.733239043757308639e+00
8.098200000000000000e+04	2.644424124432882994e+00
8.098300000000000000e+04	2.665180592234492885e+00
8.098400000000000000e+04	2.668921248217667852e+00
8.098500000000000000e+04	2.794339064426141217e+00
8.098600000000000000e+04	2.766662130337685710e+00
8.098700000000000000e+04	2.671074266883306070e+00
8.098800000000000000e+04	2.740579910328410751e+00
8.098900000000000000e+04	2.687770044545145787e+00
8.099000000000000000e+04	2.657167214949309297e+00
8.099100000000000000e+04	2.757517170359347514e+00
8.099200000000000000e+04	2.792367921525955587e+00
8.099300000000000000e+04	2.682059367067036071e+00
8.099400000000000000e+04	2.757661760615846003e+00
8.099500000000000000e+04	2.839721076341724881e+00
8.099600000000000000e+04	2.798111352257707019e+00
8.099700000000000000e+04	2.829112550522672187e+00
8.099800000000000000e+04	2.823654428455729892e+00
8.099900000000000000e+04	2.907811019583027345e+00
8.100000000000000000e+04	2.828131851477002190e+00
